1311878194.274451 0 0 -2.5 0 0 0 1
1311878194.306158 -0.000146866 0.00881243 -2.50229 0.00123636 -0.000171876 -0.000278138 0.999999
1311878194.338155 0.000360966 0.00649285 -2.50215 -0.000957567 -0.000408902 -0.000175081 0.999999
1311878194.374270 -0.000270367 0.00515437 -2.50176 -0.0013861 0.000229311 -0.000395777 0.999999
1311878194.406574 0.00018549 0.00871181 -2.50261 -0.0012449 0.00069688 -0.000773975 0.999999
1311878194.439904 -0.000171423 0.00935125 -2.50284 -0.00240137 0.000961738 -0.00106823 0.999996
1311878194.474341 -0.000687599 0.00499487 -2.50175 -0.00364709 0.00109349 -0.00076457 0.999992
1311878194.506276 -1.74046e-05 0.00497603 -2.50152 -0.00281302 0.000865983 -0.000690083 0.999995
1311878194.538257 0.000139475 0.00740457 -2.50191 -0.00233883 0.000864618 -0.000840592 0.999997
1311878194.574203 -0.000264168 0.00541615 -2.50144 -0.00309232 0.000914974 -0.000764598 0.999995
1311878194.606201 -0.000282764 0.00261807 -2.50074 -0.0028098 0.00095607 -0.000627059 0.999995
1311878194.638184 -0.00036931 0.00111151 -2.49979 -0.00171591 0.00108268 -0.000418691 0.999998
1311878194.674335 0.000204086 0.000971794 -2.49949 -0.00066694 0.000877456 1.37836e-05 0.999999
1311878194.706671 0.000154257 0.00073266 -2.49927 2.602e-05 0.000529008 0.000468113 1
1311878194.738262 0.00118113 0.000921488 -2.49939 0.000726988 0.000140584 0.000667209 0.999999
1311878194.774175 0.000794649 0.00135231 -2.49927 0.000959129 4.66347e-05 0.000819669 0.999999
1311878194.806388 0.000749111 0.00358081 -2.49989 0.00129374 -0.000244133 0.000620768 0.999999
1311878194.838267 0.000502825 0.00326991 -2.50004 0.000731907 -0.000308331 -7.82311e-07 1
1311878194.874122 -2.5034e-05 0.00410962 -2.50037 0.000419834 -0.000184647 -0.000763789 1
1311878194.906162 -0.000348568 0.00433803 -2.50082 -0.000314679 0.000100307 -0.0015633 0.999999
1311878194.938235 -1.23978e-05 0.00376868 -2.50055 -0.000887515 0.000257359 -0.0020332 0.999997
1311878194.974214 -0.00101447 0.00425887 -2.50075 -0.0011152 0.00032586 -0.00245547 0.999996
1311878195.006349 -0.000954866 0.00376844 -2.50072 -0.00163676 0.0001632 -0.00264113 0.999995
1311878195.038170 -0.00190091 0.00363851 -2.50075 -0.00175037 8.364e-05 -0.00273729 0.999995
1311878195.074121 -0.00138712 0.00280929 -2.5006 -0.00178284 -0.000393386 -0.00286387 0.999994
1311878195.106255 -0.00217009 0.00300956 -2.50066 -0.00147005 -0.000365654 -0.00302651 0.999994
1311878195.138441 -0.00252867 0.0033102 -2.50054 -0.00128491 -0.000318127 -0.00334658 0.999994
1311878195.174269 -0.00373387 0.00232196 -2.50028 -0.00157409 -8.12117e-05 -0.00354955 0.999992
1311878195.206448 -0.00299978 0.0010612 -2.50046 -0.00155763 -0.000143344 -0.00382965 0.999991
1311878195.238271 -0.00361633 0.00187135 -2.50047 -0.00109396 4.80007e-06 -0.00413725 0.999991
1311878195.274164 -0.00440955 0.00313187 -2.50052 -0.000984925 0.000139998 -0.00429289 0.99999
1311878195.306470 -0.00522923 0.00254321 -2.50005 -0.00191392 0.000125004 -0.00474458 0.999987
1311878195.338213 -0.00666213 0.00357556 -2.49977 -0.00164063 0.000201522 -0.00510893 0.999986
1311878195.374269 -0.00770736 0.00634384 -2.50035 -0.00166533 0.000471957 -0.00538437 0.999984
1311878195.406029 -0.00890517 0.00682425 -2.50043 -0.00238634 0.0010406 -0.00556655 0.999981
1311878195.438050 -0.00932837 0.00523663 -2.49986 -0.00289398 0.00198921 -0.00558303 0.999978
1311878195.474232 -0.00987315 0.00707746 -2.49973 -0.00260645 0.00299023 -0.00548718 0.999977
1311878195.506356 -0.0117764 0.0121152 -2.5006 -0.00282319 0.00422997 -0.00513895 0.999974
1311878195.538378 -0.0126677 0.0106995 -2.49943 -0.00494699 0.00498568 -0.00425411 0.999966
1311878195.574459 -0.0138533 0.00670671 -2.49741 -0.00603399 0.00523606 -0.00316869 0.999963
1311878195.606206 -0.0157011 0.00765157 -2.49626 -0.00522284 0.00555516 -0.00229127 0.999968
1311878195.638287 -0.0163784 0.00802779 -2.49451 -0.00510879 0.00581434 -0.00172288 0.999969
1311878195.674186 -0.0178454 0.00666523 -2.49254 -0.00500645 0.00624232 -0.00139293 0.999967
1311878195.706186 -0.018791 0.00810122 -2.49073 -0.00405497 0.00709765 -0.00176614 0.999965
1311878195.738201 -0.0196841 0.0115175 -2.48881 -0.00364745 0.00799791 -0.00278998 0.999957
1311878195.774488 -0.0198596 0.0124366 -2.48594 -0.0045759 0.00911232 -0.00399486 0.99994
1311878195.806204 -0.0209754 0.012152 -2.48138 -0.00546526 0.0102273 -0.00539001 0.999918
1311878195.838010 -0.0207736 0.0163734 -2.47776 -0.00569796 0.0106573 -0.00720522 0.999901
1311878195.874257 -0.020648 0.0175991 -2.47278 -0.00750861 0.0110778 -0.00913825 0.999869
1311878195.906202 -0.0204782 0.0163879 -2.46673 -0.00919541 0.0115091 -0.010799 0.999833
1311878195.938120 -0.0186465 0.016187 -2.46049 -0.00978096 0.0113885 -0.0123917 0.999811
1311878195.974264 -0.0173724 0.0197139 -2.45488 -0.0100397 0.0110946 -0.0136253 0.999795
1311878196.006352 -0.014226 0.021481 -2.44893 -0.0114258 0.0108557 -0.014922 0.999764
1311878196.038129 -0.0130785 0.0200162 -2.44087 -0.0130153 0.0106499 -0.0157263 0.999735
1311878196.074360 -0.0114107 0.018611 -2.43269 -0.0136112 0.00943816 -0.0163566 0.999729
1311878196.106326 -0.00778556 0.0182443 -2.42473 -0.0135466 0.00751475 -0.0174028 0.999729
1311878196.138421 -0.00562501 0.0141721 -2.41561 -0.0135538 0.00616716 -0.0187306 0.999714
1311878196.174374 -0.00144458 0.014308 -2.40686 -0.0116981 0.00454578 -0.0203586 0.999714
1311878196.206127 0.00153995 0.0177417 -2.39868 -0.0101528 0.00321469 -0.0228989 0.999681
1311878196.238260 0.00566292 0.01687 -2.3891 -0.0101311 0.00188514 -0.0254176 0.999624
1311878196.274193 0.00982904 0.0162079 -2.37954 -0.00970955 0.000358509 -0.0280065 0.99956
1311878196.306228 0.0143826 0.0174234 -2.37051 -0.00918263 -0.00169057 -0.0303992 0.999494
1311878196.338204 0.0195191 0.0154634 -2.36017 -0.00923604 -0.00407739 -0.0326093 0.999417
1311878196.375281 0.0233967 0.0157111 -2.35066 -0.00890614 -0.00656988 -0.0354723 0.999309
1311878196.406342 0.0291412 0.0179751 -2.342 -0.0092029 -0.00903535 -0.0388704 0.999161
1311878196.438533 0.0359447 0.0122046 -2.33138 -0.010559 -0.0115986 -0.0421265 0.998989
1311878196.474320 0.0369837 0.0104437 -2.32205 -0.00870398 -0.0134552 -0.0459828 0.998814
1311878196.506414 0.0428586 0.0123088 -2.31298 -0.00686242 -0.0163047 -0.0490999 0.998637
1311878196.538251 0.0476804 0.0138526 -2.30456 -0.00650197 -0.0190397 -0.0517352 0.998458
1311878196.575066 0.0517087 0.0106819 -2.29462 -0.00701204 -0.0220681 -0.0535536 0.998296
1311878196.606211 0.0564945 0.0108378 -2.28564 -0.00639356 -0.0252905 -0.0549377 0.998149
1311878196.638325 0.0607629 0.011832 -2.27729 -0.0066728 -0.0281495 -0.0562795 0.997996
1311878196.674182 0.06551 0.00822902 -2.26782 -0.00749602 -0.0315273 -0.0580206 0.997789
1311878196.706269 0.0698495 0.00629544 -2.25884 -0.00650434 -0.0350333 -0.0603125 0.997543
1311878196.738692 0.0746074 0.00947738 -2.25115 -0.00500294 -0.0387674 -0.0634642 0.997218
1311878196.774138 0.0780957 0.0123587 -2.24378 -0.00546749 -0.0421912 -0.0665852 0.996873
1311878196.806328 0.082916 0.00913548 -2.23443 -0.00702307 -0.0457653 -0.0702237 0.996456
1311878196.838398 0.0855157 0.00752282 -2.22541 -0.00688901 -0.0484961 -0.0736932 0.996077
1311878196.874222 0.0889304 0.0101657 -2.21766 -0.00616552 -0.051926 -0.0768314 0.995672
1311878196.906132 0.0931227 0.0100515 -2.20901 -0.00699054 -0.056347 -0.0801774 0.995162
1311878196.938143 0.0947399 0.00991797 -2.20046 -0.00762785 -0.0602718 -0.0837161 0.994636
1311878196.974342 0.0981791 0.0119729 -2.19208 -0.0081684 -0.0646733 -0.0874238 0.994036
1311878197.006229 0.100524 0.0117791 -2.18341 -0.010141 -0.0686309 -0.0905113 0.993476
1311878197.038157 0.102337 0.00964785 -2.17412 -0.011942 -0.0727482 -0.0932781 0.992907
1311878197.074170 0.10484 0.0092845 -2.16534 -0.0124901 -0.0772331 -0.0959994 0.992302
1311878197.106340 0.107529 0.00824356 -2.1557 -0.0127472 -0.0817082 -0.098837 0.991661
1311878197.138417 0.109944 0.00841236 -2.14631 -0.0125397 -0.0858315 -0.101832 0.991013
1311878197.174156 0.112472 0.0074017 -2.13658 -0.0126868 -0.0893958 -0.104786 0.990387
1311878197.206149 0.113859 0.00634241 -2.1267 -0.0122788 -0.0926678 -0.108072 0.989738
1311878197.238433 0.117701 0.0071528 -2.11652 -0.0112776 -0.0963563 -0.111619 0.989004
1311878197.274108 0.119338 0.00691533 -2.10592 -0.0113543 -0.0993976 -0.114696 0.98835
1311878197.306065 0.12071 0.00772595 -2.09599 -0.0115346 -0.102821 -0.116698 0.987763
1311878197.338164 0.123199 0.00621843 -2.08537 -0.0125751 -0.106774 -0.118211 0.987151
1311878197.373957 0.12581 0.00606918 -2.07499 -0.0130546 -0.111088 -0.119956 0.986458
1311878197.406878 0.128645 0.00464249 -2.06406 -0.0142193 -0.116007 -0.122302 0.985587
1311878197.438201 0.130251 -0.00114083 -2.05218 -0.0150972 -0.120871 -0.125827 0.984545
1311878197.474238 0.132108 -0.00177836 -2.04159 -0.0136104 -0.125025 -0.129401 0.983585
1311878197.506176 0.13532 -0.00290585 -2.03078 -0.0130666 -0.129217 -0.133083 0.982558
1311878197.538448 0.135768 -0.00927901 -2.01908 -0.0129242 -0.133324 -0.13664 0.981523
1311878197.574811 0.137385 -0.0121241 -2.00792 -0.010481 -0.137594 -0.139464 0.980565
1311878197.606070 0.139446 -0.0120332 -1.99796 -0.00807745 -0.141764 -0.141746 0.979666
1311878197.638206 0.140308 -0.0169282 -1.98685 -0.00656543 -0.14632 -0.144045 0.978672
1311878197.674071 0.142889 -0.0179863 -1.97631 -0.0034756 -0.15134 -0.146213 0.977602
1311878197.706190 0.144173 -0.0192475 -1.96717 -0.0012044 -0.155436 -0.148366 0.97664
1311878197.738523 0.144403 -0.0224483 -1.95787 0.00100287 -0.159252 -0.150165 0.97575
1311878197.774050 0.146224 -0.0210531 -1.94948 0.00358663 -0.163264 -0.15157 0.974863
1311878197.806087 0.146445 -0.0248237 -1.9404 0.00449633 -0.167268 -0.153327 0.973906
1311878197.838274 0.146913 -0.0284357 -1.93155 0.00627139 -0.171638 -0.154935 0.97288
1311878197.874322 0.147964 -0.0301895 -1.92295 0.00901763 -0.176841 -0.155439 0.971846
1311878197.906486 0.149393 -0.0314927 -1.91429 0.0114585 -0.183004 -0.155552 0.97066
1311878197.938271 0.150692 -0.0327969 -1.90604 0.0135998 -0.189243 -0.155669 0.969417
1311878197.974019 0.149373 -0.0357497 -1.89784 0.0153876 -0.195171 -0.156211 0.968127
1311878198.006153 0.150306 -0.0358238 -1.88943 0.0178273 -0.201341 -0.156705 0.966741
1311878198.038635 0.1513 -0.0362484 -1.88131 0.0195776 -0.207298 -0.157578 0.965305
1311878198.074031 0.150561 -0.03917 -1.87264 0.0209043 -0.212734 -0.158936 0.963871
1311878198.106322 0.151022 -0.0389137 -1.86424 0.0226394 -0.218241 -0.159654 0.962481
1311878198.138386 0.150894 -0.0401938 -1.85504 0.0237113 -0.224776 -0.160434 0.96082
1311878198.174366 0.152198 -0.041332 -1.84487 0.0254577 -0.231999 -0.160859 0.958985
1311878198.206660 0.152279 -0.0412216 -1.83538 0.0272668 -0.238195 -0.161835 0.957251
1311878198.238497 0.152667 -0.0425587 -1.82505 0.0282734 -0.244652 -0.163325 0.955338
1311878198.274149 0.152404 -0.0436254 -1.81457 0.0299747 -0.251381 -0.16537 0.953185
1311878198.306371 0.152331 -0.044971 -1.8039 0.0311933 -0.257886 -0.166776 0.951161
1311878198.338540 0.152137 -0.0467677 -1.79355 0.032362 -0.264132 -0.167772 0.949231
1311878198.373959 0.152714 -0.0486522 -1.78239 0.0337428 -0.270848 -0.168746 0.947115
1311878198.406170 0.153194 -0.0493386 -1.7717 0.0354295 -0.277333 -0.170171 0.944919
1311878198.438262 0.154405 -0.0505543 -1.76069 0.0363506 -0.283358 -0.172086 0.942748
1311878198.474218 0.155521 -0.0531304 -1.75002 0.0373211 -0.289309 -0.174376 0.940479
1311878198.506218 0.156883 -0.0540586 -1.73954 0.0389421 -0.295222 -0.175694 0.938328
1311878198.538311 0.158505 -0.0524502 -1.73039 0.039416 -0.300689 -0.177187 0.936289
1311878198.574543 0.160064 -0.0539112 -1.72094 0.0384138 -0.306429 -0.178735 0.934173
1311878198.606319 0.160715 -0.0563197 -1.71103 0.0378651 -0.312643 -0.179628 0.931962
1311878198.638628 0.162492 -0.0551922 -1.70219 0.0381728 -0.318814 -0.181239 0.929545
1311878198.674049 0.163961 -0.0582306 -1.69199 0.0377063 -0.325088 -0.183714 0.926901
1311878198.707316 0.165149 -0.0578463 -1.68409 0.0388668 -0.331286 -0.185565 0.924286
1311878198.738725 0.166975 -0.0561616 -1.67609 0.0393133 -0.338074 -0.187516 0.921411
1311878198.774061 0.168936 -0.0560553 -1.66741 0.0385884 -0.345119 -0.189172 0.918486
1311878198.806248 0.169972 -0.0569606 -1.65942 0.0376949 -0.351614 -0.1899 0.915906
1311878198.838460 0.170704 -0.0568652 -1.65147 0.0376373 -0.358894 -0.189689 0.913125
1311878198.874237 0.171041 -0.0559196 -1.64343 0.0378783 -0.366963 -0.189612 0.909918
1311878198.905987 0.170038 -0.0552223 -1.62885 0.0355512 -0.382154 -0.18994 0.903669
1311878198.938208 0.169122 -0.0539985 -1.62158 0.035075 -0.390178 -0.189162 0.900416
1311878198.974165 0.168009 -0.052856 -1.61476 0.03386 -0.398051 -0.188459 0.897158
1311878199.006161 0.165934 -0.0533924 -1.60781 0.0325368 -0.40544 -0.187867 0.894017
1311878199.038251 0.163395 -0.053741 -1.60154 0.0320677 -0.412344 -0.187487 0.890951
1311878199.074228 0.160819 -0.0547283 -1.59487 0.0326389 -0.419727 -0.186719 0.887637
1311878199.106422 0.157969 -0.0520391 -1.58929 0.0341051 -0.427009 -0.186392 0.884171
1311878199.138235 0.154594 -0.0500715 -1.58415 0.0339835 -0.433622 -0.186977 0.880827
1311878199.174805 0.150942 -0.0501587 -1.57792 0.0332881 -0.4405 -0.187548 0.877313
1311878199.207173 0.147339 -0.049705 -1.57095 0.0329398 -0.447352 -0.188039 0.873746
1311878199.238266 0.143111 -0.0495129 -1.56482 0.0326971 -0.453664 -0.188468 0.870402
1311878199.275876 0.138991 -0.0491693 -1.55823 0.0327054 -0.460106 -0.188354 0.867038
1311878199.306226 0.134812 -0.0487323 -1.55044 0.0332985 -0.467072 -0.188298 0.863295
1311878199.338154 0.130185 -0.0477579 -1.54357 0.0340155 -0.473555 -0.188352 0.859717
1311878199.374050 0.12503 -0.0475428 -1.5367 0.0343701 -0.479408 -0.188578 0.856403
1311878199.406276 0.114822 -0.045361 -1.52238 0.0341564 -0.489475 -0.188311 0.850757
1311878199.438010 0.109766 -0.045413 -1.51457 0.0332364 -0.495303 -0.188255 0.847426
1311878199.474152 0.104452 -0.0443375 -1.50764 0.0330921 -0.501213 -0.18829 0.843942
1311878199.506248 0.0985003 -0.0440226 -1.50082 0.0324376 -0.507081 -0.189379 0.84021
1311878199.538271 0.0928588 -0.0446866 -1.4936 0.0320086 -0.51285 -0.190252 0.83652
1311878199.574176 0.0868249 -0.0449221 -1.48706 0.0324871 -0.51856 -0.191578 0.832669
1311878199.606309 0.0804696 -0.0445988 -1.4809 0.0324098 -0.523678 -0.19359 0.828995
1311878199.638106 0.0748715 -0.0449169 -1.47504 0.0314701 -0.528754 -0.195017 0.825468
1311878199.674155 0.0692606 -0.0452526 -1.46853 0.0310808 -0.534703 -0.195785 0.821459
1311878199.706001 0.0634322 -0.0449679 -1.46186 0.0306153 -0.540775 -0.197011 0.817198
1311878199.738017 0.0581141 -0.044955 -1.45576 0.0294681 -0.546465 -0.197756 0.813265
1311878199.775401 0.0525775 -0.0463686 -1.44847 0.0287236 -0.552384 -0.197427 0.809363
1311878199.806250 0.0472474 -0.0447292 -1.44336 0.0290703 -0.557808 -0.197492 0.805606
1311878199.838004 0.041934 -0.0443299 -1.43834 0.0280214 -0.562833 -0.19843 0.80191
1311878199.874440 0.0376973 -0.0440588 -1.43249 0.0276804 -0.568148 -0.198293 0.798199
1311878199.906103 0.0337367 -0.0418303 -1.4274 0.0278084 -0.573684 -0.198124 0.794267
1311878199.938266 0.0293369 -0.0401156 -1.42359 0.0263949 -0.578923 -0.198466 0.790419
1311878199.974272 0.0256476 -0.0384927 -1.42015 0.024218 -0.583964 -0.198262 0.786824
1311878200.006189 0.0223522 -0.0368187 -1.41642 0.0223881 -0.589552 -0.19698 0.783024
1311878200.038184 0.0188951 -0.034884 -1.41245 0.0206448 -0.595645 -0.19555 0.778808
1311878200.074132 0.0155463 -0.0331748 -1.41014 0.0186027 -0.601267 -0.194294 0.774843
1311878200.106321 0.0129051 -0.0310729 -1.40699 0.0167822 -0.607478 -0.19262 0.770446
1311878200.138348 0.0102859 -0.029083 -1.40438 0.0149155 -0.613815 -0.1916 0.765701
1311878200.173964 0.00797939 -0.0277629 -1.40162 0.0132887 -0.620117 -0.190528 0.760905
1311878200.206327 0.00584507 -0.0260315 -1.39861 0.0119959 -0.626605 -0.188854 0.756014
1311878200.242002 0.00338602 -0.0246849 -1.39692 0.0102581 -0.632836 -0.187354 0.751207
1311878200.274169 0.00109196 -0.0237579 -1.3952 0.00855382 -0.639086 -0.185861 0.746292
1311878200.306230 -0.000968933 -0.0225136 -1.39447 0.00755867 -0.645585 -0.184231 0.741095
1311878200.342066 -0.0050478 -0.0203645 -1.39237 0.00555811 -0.659362 -0.181617 0.729538
1311878200.374151 -0.00692225 -0.0194213 -1.39156 0.0059609 -0.666617 -0.180181 0.723272
1311878200.406487 -0.00952387 -0.0184102 -1.38832 0.00587711 -0.673501 -0.179506 0.717035
1311878200.442312 -0.0115309 -0.018106 -1.38412 0.00517589 -0.679997 -0.180014 0.710755
1311878200.474507 -0.0131383 -0.0175109 -1.37976 0.00445242 -0.686328 -0.180385 0.704554
1311878200.506740 -0.0146093 -0.0168357 -1.37531 0.0030451 -0.692346 -0.181831 0.698273
1311878200.544672 -0.0155277 -0.0175998 -1.37045 0.00185523 -0.698239 -0.183964 0.691821
1311878200.574557 -0.0155263 -0.0175354 -1.36603 0.0031455 -0.704456 -0.184976 0.685212
1311878200.606124 -0.0161533 -0.0171168 -1.36036 0.00465287 -0.710711 -0.185369 0.678606
1311878200.642380 -0.0169535 -0.0171406 -1.35542 0.00453404 -0.716289 -0.186408 0.672429
1311878200.674795 -0.0172801 -0.0172064 -1.35104 0.00405647 -0.721549 -0.187314 0.666532
1311878200.706045 -0.0173578 -0.0169146 -1.34731 0.00388156 -0.72687 -0.187469 0.660682
1311878200.742351 -0.0175838 -0.0163035 -1.3441 0.00347889 -0.73189 -0.187399 0.655139
1311878200.774100 -0.0176177 -0.0153039 -1.34108 0.00269533 -0.736734 -0.187165 0.649758
1311878200.806161 -0.0176363 -0.0149939 -1.33787 0.00179657 -0.741725 -0.187298 0.644019
1311878200.842140 -0.0174389 -0.0142798 -1.33649 0.00144062 -0.746399 -0.186861 0.638725
1311878200.874186 -0.0173893 -0.0132613 -1.33383 0.000888433 -0.750972 -0.186007 0.633594
1311878200.907425 -0.0176415 -0.0127332 -1.33123 -0.000487092 -0.75539 -0.185562 0.628453
1311878200.942493 -0.0174084 -0.0122197 -1.33002 -0.00144416 -0.759813 -0.184938 0.623282
1311878200.974314 -0.0177059 -0.0122459 -1.32892 -0.0019599 -0.764107 -0.184124 0.618251
1311878201.007926 -0.0179543 -0.01226 -1.32719 -0.00237127 -0.768452 -0.183013 0.613174
1311878201.042338 -0.0183291 -0.0124443 -1.32545 -0.00262061 -0.772595 -0.181764 0.608319
1311878201.074135 -0.0189199 -0.0131533 -1.32509 -0.00318477 -0.77662 -0.180491 0.603551
1311878201.106946 -0.0192046 -0.0133705 -1.32413 -0.00325111 -0.780957 -0.17835 0.59857
1311878201.142269 -0.0197921 -0.013299 -1.32384 -0.00304234 -0.785038 -0.176024 0.593904
1311878201.174037 -0.0204129 -0.0127091 -1.324 -0.00375472 -0.78887 -0.173822 0.589453
1311878201.206851 -0.0213284 -0.0127969 -1.32357 -0.00507352 -0.792538 -0.172596 0.584866
1311878201.242552 -0.0218544 -0.0129485 -1.32415 -0.00626446 -0.795962 -0.171672 0.58046
1311878201.274041 -0.0224023 -0.0134237 -1.32595 -0.00743364 -0.799263 -0.170415 0.576265
1311878201.306315 -0.0228095 -0.0131164 -1.32704 -0.0084058 -0.802726 -0.168666 0.571938
1311878201.342130 -0.0232019 -0.0130222 -1.32884 -0.00930761 -0.80579 -0.167406 0.567971
1311878201.374078 -0.0239286 -0.0139463 -1.33039 -0.0101456 -0.808618 -0.166394 0.564223
1311878201.406381 -0.0246038 -0.0146017 -1.33226 -0.0104817 -0.811495 -0.164754 0.560556
1311878201.442332 -0.0255237 -0.0153868 -1.33393 -0.0108073 -0.814556 -0.162975 0.556616
1311878201.474243 -0.0262966 -0.0162516 -1.33583 -0.0111872 -0.81767 -0.16102 0.552597
1311878201.506263 -0.0270915 -0.0172861 -1.33738 -0.0113072 -0.820661 -0.15909 0.548706
1311878201.542159 -0.0278559 -0.0182531 -1.33952 -0.0109375 -0.823689 -0.157266 0.544688
1311878201.574598 -0.0285244 -0.0186675 -1.34101 -0.0100776 -0.826551 -0.155255 0.540932
1311878201.606014 -0.02947 -0.019803 -1.34306 -0.00877366 -0.829174 -0.153594 0.537403
1311878201.642096 -0.0307922 -0.0213704 -1.34559 -0.00756639 -0.831526 -0.151635 0.534335
1311878201.674092 -0.0320268 -0.0218174 -1.34784 -0.00710486 -0.833894 -0.149199 0.531328
1311878201.708205 -0.0334859 -0.0233054 -1.35075 -0.00728974 -0.836352 -0.146967 0.528075
1311878201.742188 -0.0348043 -0.0241745 -1.35363 -0.00694546 -0.839098 -0.144492 0.524393
1311878201.774384 -0.0364752 -0.0251427 -1.35647 -0.00680464 -0.841765 -0.142294 0.520709
1311878201.806059 -0.0379887 -0.0262115 -1.35931 -0.00625278 -0.844317 -0.139782 0.517254
1311878201.842070 -0.0395737 -0.0261915 -1.36258 -0.00580977 -0.846428 -0.137165 0.514502
1311878201.873911 -0.0413089 -0.0270815 -1.36606 -0.00604319 -0.848192 -0.135142 0.512123
1311878201.906078 -0.0433149 -0.0285215 -1.36972 -0.00633458 -0.850192 -0.132935 0.509373
1311878201.944113 -0.0452685 -0.029911 -1.37316 -0.00596318 -0.852136 -0.130588 0.506731
1311878201.975026 -0.047462 -0.0311377 -1.37578 -0.0049382 -0.854051 -0.127975 0.504177
1311878202.006238 -0.0496106 -0.0322502 -1.38009 -0.00364431 -0.855619 -0.125309 0.502195
1311878202.042289 -0.0518079 -0.0330195 -1.38337 -0.00227731 -0.856931 -0.12313 0.500503
1311878202.074246 -0.0542531 -0.0346007 -1.3872 0.000597754 0.858054 0.121259 -0.499038
1311878202.106190 -0.0568757 -0.0357001 -1.39072 -0.000378789 0.85908 0.119142 -0.497783
1311878202.142538 -0.0629034 -0.0411131 -1.39883 -0.00346261 0.861034 0.115336 -0.495284
1311878202.174269 -0.0661435 -0.0434442 -1.40288 -0.00531079 0.862233 0.112585 -0.493812
1311878202.206055 -0.0697293 -0.0473974 -1.40747 -0.00750537 0.863556 0.109858 -0.492084
1311878202.242099 -0.0732837 -0.0498266 -1.41098 -0.00986849 0.864942 0.106111 -0.490427
1311878202.274419 -0.0768442 -0.0519464 -1.4147 -0.0123797 0.866251 0.10224 -0.48888
1311878202.306286 -0.0802841 -0.054281 -1.41986 -0.0145744 0.867195 0.0986527 -0.487881
1311878202.342174 -0.0840387 -0.0569925 -1.42414 -0.0164202 0.868085 0.0951157 -0.486942
1311878202.374111 -0.0873632 -0.0583653 -1.42873 -0.0174434 0.868757 0.0917797 -0.486346
1311878202.406054 -0.0910931 -0.0608399 -1.43383 -0.0174511 0.869612 0.08895 -0.485343
1311878202.442042 -0.0947566 -0.0638931 -1.43862 -0.017836 0.870616 0.0857727 -0.484099
1311878202.474733 -0.0984116 -0.0666292 -1.4444 -0.0185119 0.871634 0.082267 -0.48285
1311878202.506062 -0.101606 -0.0685644 -1.44986 -0.0198194 0.87256 0.0786628 -0.481724
1311878202.541995 -0.105022 -0.071048 -1.45484 -0.0207413 0.87348 0.0752837 -0.480557
1311878202.574243 -0.108704 -0.0748734 -1.46028 -0.0217323 0.874608 0.0719017 -0.478977
1311878202.606016 -0.112112 -0.077749 -1.46596 -0.023285 0.875977 0.0680951 -0.476954
1311878202.642195 -0.115127 -0.0806961 -1.47197 -0.0252434 0.87729 0.0649024 -0.474882
1311878202.674125 -0.118529 -0.083992 -1.47752 -0.0272582 0.878746 0.0617078 -0.472498
1311878202.705989 -0.122055 -0.0866263 -1.48272 -0.0295773 0.880171 0.0580835 -0.47016
1311878202.742139 -0.125137 -0.0891016 -1.48796 -0.031827 0.881479 0.0546205 -0.467972
1311878202.774116 -0.128505 -0.0920463 -1.49312 -0.0338665 0.88288 0.0511704 -0.465572
1311878202.806033 -0.131341 -0.0945926 -1.49871 -0.0357787 0.884162 0.0486737 -0.463258
1311878202.842065 -0.134458 -0.0969985 -1.50418 -0.0368494 0.885438 0.0466478 -0.460939
1311878202.875331 -0.137873 -0.100283 -1.50935 -0.0378104 0.886953 0.0439356 -0.458208
1311878202.906074 -0.140827 -0.102179 -1.51476 -0.039586 0.88857 0.0407489 -0.455209
1311878202.942067 -0.143751 -0.104045 -1.52034 -0.0411763 0.88996 0.0382612 -0.452561
1311878202.973958 -0.146927 -0.10653 -1.52571 -0.0422805 0.891465 0.0363375 -0.449646
1311878203.006251 -0.150279 -0.108886 -1.53138 -0.0431655 0.893216 0.0342373 -0.44624
1311878203.042060 -0.153455 -0.109289 -1.53597 -0.0447592 0.895075 0.0312912 -0.442559
1311878203.074065 -0.156128 -0.110325 -1.54144 -0.046623 0.896582 0.0293906 -0.439435
1311878203.106633 -0.159261 -0.112381 -1.54725 -0.0475019 0.897961 0.0286229 -0.436567
1311878203.142803 -0.162313 -0.113428 -1.55322 -0.0485142 0.899519 0.0272393 -0.433324
1311878203.174238 -0.165435 -0.113961 -1.55793 -0.0500774 0.901046 0.0253729 -0.430075
1311878203.206098 -0.168357 -0.114687 -1.56352 -0.0519253 0.902221 0.0231506 -0.427511
1311878203.242220 -0.170642 -0.116249 -1.57073 -0.0528771 0.903213 0.0215021 -0.42538
1311878203.273968 -0.173835 -0.117755 -1.57643 -0.0529184 0.904548 0.0204883 -0.422578
1311878203.306276 -0.176894 -0.118783 -1.58282 -0.0529402 0.906105 0.0183279 -0.419327
1311878203.342073 -0.17997 -0.11898 -1.58829 -0.0535153 0.907727 0.0164489 -0.415809
1311878203.374071 -0.181883 -0.118629 -1.59479 -0.0540474 0.909055 0.0154127 -0.412868
1311878203.406354 -0.184687 -0.118617 -1.60058 -0.054487 0.910471 0.0145665 -0.409708
1311878203.442198 -0.187741 -0.118661 -1.60575 -0.0551085 0.911835 0.0131842 -0.406628
1311878203.474247 -0.190444 -0.118637 -1.61126 -0.0563201 0.913014 0.0116424 -0.403854
1311878203.505994 -0.192786 -0.118143 -1.61678 -0.0573099 0.914075 0.0107618 -0.401332
1311878203.542092 -0.195421 -0.119209 -1.62253 -0.0574698 0.915101 0.0104108 -0.398973
1311878203.574198 -0.198079 -0.119705 -1.62795 -0.0576786 0.916301 0.0097459 -0.396196
1311878203.606251 -0.201101 -0.120371 -1.63361 -0.0578282 0.917729 0.00915246 -0.392868
1311878203.642340 -0.204325 -0.121066 -1.63896 -0.0581263 0.919369 0.00881601 -0.388979
1311878203.673979 -0.207202 -0.121151 -1.6441 -0.0577677 0.921127 0.00877377 -0.384852
1311878203.706026 -0.210732 -0.121328 -1.65001 -0.0575273 0.923001 0.00899085 -0.380368
1311878203.742438 -0.214021 -0.120957 -1.65642 -0.0572488 0.924835 0.00924649 -0.375922
1311878203.774002 -0.217701 -0.120182 -1.66202 -0.056257 0.926673 0.00944225 -0.371514
1311878203.805973 -0.221418 -0.119321 -1.66871 -0.0548678 0.928572 0.0094599 -0.366952
1311878203.841862 -0.227414 -0.117902 -1.67319 -0.0527897 0.930639 0.00995805 -0.361974
1311878203.875365 -0.232223 -0.1167 -1.67973 -0.0508406 0.932456 0.0102768 -0.357541
1311878203.906100 -0.237398 -0.115225 -1.68551 -0.0490592 0.934285 0.00948723 -0.353007
1311878203.943005 -0.243006 -0.112598 -1.6906 -0.0479565 0.936072 0.00954624 -0.348394
1311878203.973857 -0.248662 -0.110392 -1.69595 -0.0467079 0.937655 0.010862 -0.344243
1311878204.005977 -0.255268 -0.109568 -1.70233 -0.0446931 0.939183 0.0112703 -0.340311
1311878204.041993 -0.262326 -0.108821 -1.70765 -0.0433367 0.940722 0.0107865 -0.336226
1311878204.073949 -0.269487 -0.107733 -1.71286 -0.0424037 0.942243 0.0105979 -0.332066
1311878204.106130 -0.276772 -0.106785 -1.71782 -0.0419901 0.943704 0.0107421 -0.327941
1311878204.141982 -0.283963 -0.105827 -1.72309 -0.0417843 0.94506 0.0118441 -0.323999
1311878204.173937 -0.292078 -0.105947 -1.72798 -0.0406943 0.946482 0.0132671 -0.319905
1311878204.205872 -0.300102 -0.104699 -1.73313 -0.0393501 0.947945 0.0141524 -0.315676
1311878204.241957 -0.308216 -0.104721 -1.73835 -0.037851 0.949318 0.0154624 -0.311648
1311878204.273915 -0.31675 -0.105302 -1.74345 -0.0359075 0.950714 0.0165856 -0.307537
1311878204.306004 -0.324799 -0.104786 -1.74906 -0.0348216 0.95212 0.0175139 -0.30323
1311878204.341849 -0.333169 -0.103846 -1.75382 -0.0345455 0.953465 0.0187539 -0.29893
1311878204.373845 -0.341712 -0.104749 -1.75945 -0.0345442 0.954794 0.0202474 -0.294558
1311878204.406011 -0.350538 -0.10555 -1.76435 -0.0348654 0.956253 0.021085 -0.289688
1311878204.441928 -0.358923 -0.105502 -1.76975 -0.0355685 0.957652 0.0212561 -0.284931
1311878204.474041 -0.366987 -0.10348 -1.77404 -0.0366249 0.958914 0.0216459 -0.280488
1311878204.506315 -0.375298 -0.10231 -1.77864 -0.0371497 0.960135 0.0229533 -0.276106
1311878204.542053 -0.383891 -0.102671 -1.78363 -0.0373492 0.961363 0.0243444 -0.271651
1311878204.573878 -0.393378 -0.102476 -1.78702 -0.0372629 0.962696 0.0246046 -0.266874
1311878204.606140 -0.401484 -0.100784 -1.79101 -0.0372578 0.963988 0.0248454 -0.262147
1311878204.642074 -0.409527 -0.0995724 -1.79502 -0.0364504 0.96533 0.025485 -0.257217
1311878204.673973 -0.418749 -0.0981767 -1.79814 -0.035315 0.966843 0.0258034 -0.251599
1311878204.705931 -0.426703 -0.0946014 -1.80112 -0.03448 0.968296 0.0264837 -0.245991
1311878204.742051 -0.435161 -0.0920446 -1.80377 -0.0343785 0.969651 0.0276003 -0.240485
1311878204.773947 -0.442225 -0.0888207 -1.807 -0.034711 0.970705 0.0287805 -0.236004
1311878204.806110 -0.449282 -0.086175 -1.80957 -0.0344694 0.971607 0.0308829 -0.232029
1311878204.841912 -0.455924 -0.0850043 -1.81372 -0.0337087 0.972406 0.0326251 -0.22853
1311878204.873973 -0.4627 -0.0840232 -1.81765 -0.0326444 0.973211 0.0332776 -0.225138
1311878204.906126 -0.468061 -0.0813134 -1.82191 -0.0315758 0.973935 0.0336266 -0.222087
1311878204.942080 -0.473431 -0.0769103 -1.82524 -0.0305985 0.974561 0.034499 -0.219325
1311878204.973963 -0.479296 -0.0755906 -1.82954 -0.029169 0.975152 0.0360534 -0.216629
1311878205.006151 -0.484959 -0.073694 -1.83463 -0.0282491 0.97584 0.0370736 -0.213458
1311878205.041933 -0.490319 -0.0706153 -1.83924 -0.0278835 0.976548 0.0379151 -0.210091
1311878205.073962 -0.494745 -0.0674188 -1.84421 -0.0275322 0.977153 0.0391122 -0.207086
1311878205.105855 -0.500409 -0.065352 -1.84962 -0.0270544 0.977732 0.0403934 -0.20415
1311878205.141948 -0.505435 -0.0630238 -1.85421 -0.0264742 0.978144 0.0412964 -0.202061
1311878205.173954 -0.510329 -0.0603693 -1.85982 -0.0258976 0.978406 0.0424278 -0.200627
1311878205.205991 -0.515038 -0.0575442 -1.86537 -0.0250469 0.978611 0.043515 -0.199498
1311878205.242002 -0.519619 -0.0555518 -1.87179 -0.0243306 0.978819 0.0446528 -0.198309
1311878205.273921 -0.524135 -0.0526586 -1.87788 -0.023852 0.979017 0.0458734 -0.197111
1311878205.306204 -0.528221 -0.0516818 -1.88588 -0.0234388 0.97913 0.0474458 -0.196226
1311878205.341998 -0.532942 -0.050303 -1.89332 -0.0235867 0.979267 0.0485213 -0.195258
1311878205.373930 -0.536955 -0.0446594 -1.8992 -0.0242818 0.979299 0.0496888 -0.194717
1311878205.406303 -0.540895 -0.0441837 -1.90759 -0.0241907 0.979118 0.0528119 -0.194819
1311878205.442034 -0.545103 -0.045176 -1.91863 -0.0240975 0.979054 0.0552403 -0.194475
1311878205.473974 -0.549301 -0.0438285 -1.92638 -0.0241452 0.979135 0.0569509 -0.19357
1311878205.506390 -0.553765 -0.0446646 -1.93536 -0.0239106 0.979303 0.0587752 -0.192197
1311878205.542071 -0.558208 -0.0457213 -1.94456 -0.0233615 0.979528 0.0595654 -0.190868
1311878205.574020 -0.56263 -0.0456655 -1.95285 -0.0228462 0.979817 0.059547 -0.18945
1311878205.608181 -0.566849 -0.0442803 -1.96146 -0.0232157 0.98008 0.0594833 -0.188058
1311878205.641830 -0.570334 -0.0417347 -1.9697 -0.0237091 0.980153 0.0598262 -0.187505
1311878205.673969 -0.573706 -0.0412865 -1.98034 -0.0234912 0.980146 0.0612466 -0.187114
1311878205.706275 -0.577046 -0.0417471 -1.99057 -0.0229869 0.980229 0.0624609 -0.186337
1311878205.741858 -0.58038 -0.0413444 -1.99965 -0.0229961 0.9804 0.0628133 -0.185317
1311878205.773951 -0.583609 -0.0399826 -2.00909 -0.0228976 0.980539 0.0627239 -0.184622
1311878205.808989 -0.586732 -0.038116 -2.01712 -0.0228233 0.980583 0.0630591 -0.184279
1311878205.841994 -0.589725 -0.0361931 -2.02621 -0.0221025 0.98055 0.0637461 -0.184307
1311878205.874019 -0.591931 -0.034375 -2.03652 -0.021226 0.980478 0.0647297 -0.184453
1311878205.907346 -0.594371 -0.0318513 -2.04535 -0.0202205 0.98044 0.0656365 -0.184445
1311878205.941947 -0.596926 -0.0300117 -2.05524 -0.019182 0.980413 0.0669784 -0.184219
1311878205.974067 -0.599285 -0.0284286 -2.06424 -0.018227 0.980415 0.0681762 -0.183863
1311878206.006333 -0.60252 -0.0285673 -2.07368 -0.0171344 0.980528 0.0689963 -0.183061
1311878206.041987 -0.604901 -0.0275111 -2.0815 -0.0164289 0.980706 0.0688122 -0.182236
1311878206.073888 -0.607211 -0.0263772 -2.09016 -0.0156106 0.980923 0.0686677 -0.181195
1311878206.106154 -0.60987 -0.0264742 -2.09902 -0.0141971 0.981267 0.0684937 -0.179506
1311878206.142035 -0.613205 -0.0262048 -2.10612 -0.0131087 0.981756 0.0675307 -0.177268
1311878206.173770 -0.614734 -0.0224397 -2.1142 -0.0127594 0.982187 0.0662682 -0.175369
1311878206.209247 -0.61491 -0.0187726 -2.12153 -0.0120603 0.982491 0.0668227 -0.173497
1311878206.241923 -0.616761 -0.0177655 -2.12902 -0.0107588 0.982885 0.0684695 -0.170684
1311878206.273922 -0.618437 -0.0170345 -2.13844 -0.00997829 0.98345 0.069298 -0.167108
1311878206.306840 -0.620246 -0.0141158 -2.14527 -0.00972615 0.984101 0.0696969 -0.163071
1311878206.342000 -0.620909 -0.012321 -2.1533 -0.00982503 0.984653 0.0708499 -0.15919
1311878206.373928 -0.623465 -0.0133569 -2.16178 -0.00970162 0.985212 0.0716908 -0.155315
1311878206.408370 -0.625415 -0.0130928 -2.17011 -0.0101407 0.985833 0.0707732 -0.151731
1311878206.443025 -0.62551 -0.00855637 -2.17762 -0.0109782 0.986418 0.0697462 -0.148305
1311878206.474074 -0.626425 -0.00622129 -2.18568 -0.0110768 0.986971 0.0707592 -0.144078
1311878206.509106 -0.628135 -0.00556493 -2.19332 -0.0112175 0.987572 0.0717497 -0.139386
1311878206.542974 -0.629941 -0.00605822 -2.20098 -0.0113328 0.988194 0.072265 -0.134617
1311878206.574152 -0.632411 -0.00725746 -2.2105 -0.0111056 0.988887 0.0720475 -0.12957
1311878206.608181 -0.633598 -0.00639844 -2.22037 -0.0108348 0.98962 0.0708209 -0.124578
1311878206.643524 -0.635067 -0.00700831 -2.22987 -0.0102765 0.99034 0.0696367 -0.119466
1311878206.678248 -0.637899 -0.00756216 -2.23797 -0.00984206 0.991095 0.0675764 -0.114308
1311878206.706723 -0.639732 -0.00320148 -2.24423 -0.00956492 0.991819 0.0649893 -0.109453
1311878206.742016 -0.641459 -0.000834942 -2.25211 -0.00872178 0.992327 0.0641411 -0.105344
1311878206.775756 -0.644825 -0.0035398 -2.26053 -0.00730834 0.992745 0.0638282 -0.101636
1311878206.806557 -0.645691 -0.00125813 -2.26954 -0.0061061 0.993245 0.0614316 -0.0982532
1311878206.842519 -0.64742 0.00270844 -2.27734 -0.00572431 0.993729 0.059968 -0.0942022
1311878206.877963 -0.64984 0.00275898 -2.28716 -0.00554934 0.994137 0.0601012 -0.0897163
1311878206.906723 -0.652789 0.00331807 -2.29431 -0.00542073 0.994549 0.0595264 -0.0854383
1311878206.941933 -0.654343 0.00532746 -2.30411 -0.00460705 0.994857 0.0589977 -0.0822087
1311878206.978366 -0.657052 0.0055058 -2.31153 -0.00316969 0.995146 0.0588994 -0.0787781
1311878207.008265 -0.661138 0.00540996 -2.32042 -0.00181331 0.995479 0.0584778 -0.0748236
1311878207.042220 -0.665387 0.00496745 -2.32829 -0.0006859 0.99579 0.0577184 -0.0711999
1311878207.076555 -0.667491 0.00530815 -2.33789 0.000139736 0.99605 0.0570915 -0.0680083
1311878207.107441 -0.670927 0.00429106 -2.34695 0.000746186 0.996304 0.0567906 -0.0644336
1311878207.142368 -0.676104 0.00249124 -2.3542 0.00127297 0.996597 0.0557858 -0.0606699
1311878207.176458 -0.679114 0.00185323 -2.36361 0.0011648 0.996862 0.0542779 -0.0576121
1311878207.209246 -0.684027 0.00134182 -2.37123 0.00099683 0.997092 0.0530397 -0.0547125
1311878207.241936 -0.689263 -0.00149083 -2.3794 0.00117609 0.997273 0.0521953 -0.0521595
1311878207.275118 -0.693658 -0.0028553 -2.38789 0.00102914 0.997478 0.0503729 -0.0499998
1311878207.306859 -0.696818 -0.00323892 -2.39585 0.00144504 0.997626 0.0487504 -0.0486157
1311878207.342489 -0.701036 -0.00434113 -2.40363 0.00203485 0.997768 0.0473667 -0.0470249
1311878207.376941 -0.707418 -0.0064559 -2.41262 0.00294219 0.997898 0.0462058 -0.0453356
1311878207.406744 -0.710252 -0.00873518 -2.42213 0.0034405 0.997988 0.0447906 -0.0447471
1311878207.442028 -0.71458 -0.0103841 -2.42906 0.00368344 0.998134 0.042703 -0.0434994
1311878207.475541 -0.71872 -0.00822759 -2.43721 0.00361009 0.998304 0.0402773 -0.0418773
1311878207.507174 -0.722208 -0.00744867 -2.44446 0.00306572 0.998419 0.0391991 -0.040174
1311878207.544523 -0.726431 -0.0109441 -2.45321 0.00284901 0.99853 0.0386915 -0.0378447
1311878207.575033 -0.72952 -0.0109172 -2.46089 0.00269109 0.998702 0.0365778 -0.0353329
1311878207.606578 -0.733448 -0.0116589 -2.46831 0.00223062 0.998851 0.03509 -0.0325779
1311878207.641861 -0.737098 -0.0135007 -2.47606 0.00234392 0.998989 0.0331739 -0.0302324
1311878207.674813 -0.738047 -0.0145881 -2.48482 0.00256947 0.99914 0.0304133 -0.0280775
1311878207.708313 -0.741555 -0.0132046 -2.49064 0.00198469 0.999307 0.0273796 -0.0251454
1311878207.746534 -0.743774 -0.0176504 -2.49914 0.000686329 0.999394 0.025999 -0.0231329
1311878207.775512 -0.746706 -0.0177174 -2.50497 4.37857e-05 0.9995 0.0232005 -0.0214646
1311878207.806360 -0.748085 -0.0177886 -2.51198 -0.000163835 0.999581 0.0210393 -0.0198986
1311878207.843730 -0.750071 -0.0175693 -2.51887 -0.000182291 0.99964 0.0198866 -0.0179983
1311878207.876201 -0.751253 -0.0209527 -2.52627 0.000387845 0.999685 0.019165 -0.0161881
1311878207.906310 -0.752425 -0.0220737 -2.53314 0.000811126 0.999755 0.0168959 -0.0142571
1311878207.943993 -0.754094 -0.023706 -2.54048 0.000628063 0.999811 0.0146962 -0.012752
1311878207.975923 -0.756339 -0.0236759 -2.54716 0.00070688 0.999851 0.0130224 -0.0113526
1311878208.006370 -0.757183 -0.0238183 -2.55431 0.00124343 0.999878 0.0120098 -0.00994208
1311878208.046120 -0.758147 -0.0261443 -2.5628 0.00241105 0.999893 0.0116531 -0.00847612
1311878208.074510 -0.759389 -0.0259666 -2.56992 0.00396676 0.999914 0.0105404 -0.00666929
1311878208.106489 -0.761827 -0.0273209 -2.57807 0.00583448 0.999931 0.00932132 -0.00413258
1311878208.145419 -0.765051 -0.0299454 -2.58645 0.00682514 0.999947 0.00759567 -0.00130381
1311878208.174622 -0.766372 -0.0334342 -2.59578 0.00693913 0.999963 0.00500173 0.000728789
1311878208.206761 -0.766526 -0.0325201 -2.60393 0.00645213 0.999975 0.00181949 0.00220776
1311878208.245251 -0.768019 -0.0341094 -2.61327 0.00599641 0.999977 0.000301963 0.00329123
1311878208.274405 -0.766564 -0.0359902 -2.62248 0.00572484 0.999978 -0.00106371 0.00330108
1311878208.306352 -0.769262 -0.0373857 -2.63096 0.00547983 0.999976 -0.00242291 0.00360326
1311878208.342505 -0.770137 -0.0402069 -2.64091 0.00524603 0.999975 -0.00374185 0.00300733
1311878208.375134 -0.769167 -0.0404787 -2.65075 0.00443363 0.999966 -0.00664411 0.00185028
1311878208.406517 -0.768489 -0.0402586 -2.66001 0.00283411 0.99996 -0.00843082 0.000456582
1311878208.442454 -0.7686 -0.038677 -2.66887 0.00116094 0.999958 -0.00898619 -0.000997331
1311878208.474738 -0.763411 -0.0402741 -2.67969 -0.000412982 0.999953 -0.00907879 -0.00346766
1311878208.508484 -0.761822 -0.0401971 -2.68982 -0.00174286 0.999939 -0.00969336 -0.00490433
1311878208.542428 -0.763195 -0.0405171 -2.69938 -0.00261966 0.999931 -0.0100075 -0.00552208
1311878208.574565 -0.761772 -0.0425448 -2.71084 -0.0025813 0.999923 -0.0101402 -0.00664511
1311878208.607020 -0.761397 -0.0432754 -2.72038 -0.00221272 0.999908 -0.0113771 -0.00704125
1311878208.647008 -0.761872 -0.0435686 -2.73108 -0.00212657 0.999886 -0.0129693 -0.00747054
1311878208.675637 -0.760786 -0.0440605 -2.74094 -0.00163215 0.999861 -0.0140155 -0.00882738
1311878208.708205 -0.761248 -0.0477567 -2.75229 -0.000633357 0.99985 -0.0145932 -0.00933808
1311878208.742303 -0.758665 -0.0483317 -2.76259 -0.000371576 0.999805 -0.0169948 -0.0100268
1311878208.774910 -0.756474 -0.0485618 -2.7717 -0.00117692 0.999742 -0.0198752 -0.0109046
1311878208.807627 -0.752764 -0.0490072 -2.78202 -0.00254712 0.999689 -0.0214826 -0.0123843
1311878208.842557 -0.745478 -0.0499327 -2.79191 -0.00432169 0.999622 -0.0232286 -0.0140405
1311878208.874663 -0.743469 -0.0502422 -2.80051 -0.00549948 0.999551 -0.025425 -0.0148858
1311878208.906621 -0.741226 -0.0515406 -2.80903 -0.00668604 0.999466 -0.0275981 -0.0161844
1311878208.942420 -0.740556 -0.0498793 -2.81759 -0.00712778 0.999369 -0.0301977 -0.0172888
1311878208.975866 -0.739861 -0.0475535 -2.82495 -0.00744684 0.999281 -0.0322267 -0.0185585
1311878209.006512 -0.73928 -0.0468302 -2.83326 -0.0073342 0.999219 -0.0332476 -0.0200638
1311878209.045198 -0.739448 -0.0487592 -2.84232 -0.00695492 0.999205 -0.0331756 -0.0209621
1311878209.074457 -0.739443 -0.0486772 -2.85115 -0.00710549 0.999215 -0.0327028 -0.0211987
1311878209.105912 -0.739717 -0.0498827 -2.8593 -0.00711438 0.999251 -0.0316167 -0.0211311
1311878209.147271 -0.738441 -0.0495193 -2.86741 -0.00716552 0.99922 -0.0322894 -0.021594
1311878209.174682 -0.736668 -0.0457222 -2.87424 -0.00773097 0.999169 -0.0333245 -0.0221498
1311878209.205844 -0.737822 -0.0477347 -2.8909 -0.0061019 0.999182 -0.0329776 -0.022611
1311878209.242533 -0.737473 -0.0461597 -2.89888 -0.00522899 0.999096 -0.0352561 -0.0231498
1311878209.274689 -0.738586 -0.0416098 -2.9054 -0.00464855 0.999003 -0.0375741 -0.02366
1311878209.314053 -0.738881 -0.0390232 -2.91266 -0.00383888 0.998894 -0.0397131 -0.0248716
1311878209.342531 -0.740407 -0.0401516 -2.92183 -0.00354326 0.998822 -0.0409613 -0.0257766
1311878209.377351 -0.742164 -0.0433612 -2.93166 -0.00289076 0.998817 -0.0406937 -0.0264477
1311878209.410848 -0.74371 -0.0459292 -2.94072 -0.00238197 0.998791 -0.0411463 -0.0267868
1311878209.443029 -0.745229 -0.0444133 -2.94852 -0.00263444 0.998692 -0.0431851 -0.0272617
1311878209.475616 -0.747766 -0.0462413 -2.9577 -0.00233098 0.998619 -0.044641 -0.0276013
1311878209.510446 -0.751016 -0.046046 -2.96617 -0.0022005 0.998498 -0.0475269 -0.0271755
1311878209.542609 -0.751787 -0.0459955 -2.97564 -0.00311911 0.998394 -0.0497956 -0.0268508
1311878209.574684 -0.754453 -0.0463636 -2.9849 -0.00362418 0.998323 -0.0512986 -0.0265872
1311878209.610662 -0.755449 -0.043148 -2.99265 -0.00376176 0.998144 -0.0545014 -0.0269141
1311878209.643243 -0.757095 -0.043067 -3.00214 -0.00437506 0.998009 -0.0567664 -0.0271229
1311878209.674355 -0.759959 -0.0405502 -3.01021 -0.00553513 0.997881 -0.0586778 -0.0275661
1311878209.711947 -0.762173 -0.0414205 -3.02007 -0.0066803 0.997744 -0.0602626 -0.0288062
1311878209.742604 -0.766826 -0.0449228 -3.03092 -0.00741433 0.997688 -0.0608201 -0.0293908
1311878209.774248 -0.770879 -0.0481532 -3.04124 -0.00789203 0.997671 -0.0606912 -0.0301135
1311878209.810498 -0.774546 -0.0512741 -3.05155 -0.00781424 0.997611 -0.0611198 -0.031249
1311878209.842596 -0.777196 -0.051852 -3.0608 -0.00756473 0.997463 -0.062885 -0.0324844
1311878209.874230 -0.782565 -0.0599267 -3.07249 -0.00738982 0.99744 -0.0632125 -0.0325991
1311878209.910397 -0.784036 -0.0583525 -3.08086 -0.00839357 0.997149 -0.0669422 -0.0338028
1311878209.942622 -0.786862 -0.0615325 -3.09078 -0.00976639 0.996678 -0.0726824 -0.0354286
1311878209.974645 -0.79004 -0.0598304 -3.10019 -0.0116057 0.996201 -0.0777767 -0.0374204
1311878210.010438 -0.795902 -0.0609157 -3.10909 -0.0127243 0.995986 -0.0796427 -0.0388099
1311878210.042541 -0.800221 -0.0646822 -3.11827 -0.0133494 0.995808 -0.0810362 -0.040273
1311878210.074306 -0.803903 -0.0694506 -3.12783 -0.0141184 0.995506 -0.0839926 -0.0414011
1311878210.110443 -0.80633 -0.0752509 -3.13796 -0.0152302 0.995293 -0.0857327 -0.0425478
1311878210.142208 -0.80976 -0.0816276 -3.14679 -0.015207 0.995205 -0.0863831 -0.0432917
1311878210.174309 -0.814377 -0.0841517 -3.1553 -0.0149431 0.995086 -0.0880278 -0.0427969
1311878210.212859 -0.81721 -0.0865881 -3.16404 -0.0149287 0.994941 -0.0900178 -0.0420227
1311878210.242548 -0.820355 -0.0884821 -3.17209 -0.015184 0.994853 -0.0914988 -0.0408055
1311878210.274577 -0.823984 -0.0912874 -3.18076 -0.0153069 0.994771 -0.0930331 -0.0392532
1311878210.310598 -0.826317 -0.0885677 -3.18756 -0.0152488 0.994514 -0.0962249 -0.0380798
1311878210.345963 -0.82807 -0.0894778 -3.19424 -0.0155682 0.994402 -0.0977965 -0.0368434
1311878210.373736 -0.82898 -0.0899558 -3.20023 -0.0159974 0.994364 -0.0985084 -0.0357875
1311878210.410604 -0.829817 -0.0916061 -3.20693 -0.0158769 0.994355 -0.0990742 -0.0345134
1311878210.445005 -0.831542 -0.094497 -3.21392 -0.0153092 0.99432 -0.100059 -0.0328906
1311878210.473703 -0.832573 -0.0963297 -3.22125 -0.0147155 0.994257 -0.101398 -0.0309056
1311878210.513259 -0.833398 -0.0946891 -3.22744 -0.0144096 0.994117 -0.103495 -0.0285092
1311878210.542619 -0.833978 -0.0966206 -3.2343 -0.0145942 0.994064 -0.104635 -0.0259814
1311878210.573923 -0.836991 -0.0970507 -3.24106 -0.0137292 0.994118 -0.10505 -0.0224908
1311878210.611041 -0.835664 -0.0995238 -3.24794 -0.0131378 0.994177 -0.10527 -0.0189378
1311878210.643915 -0.836509 -0.0995741 -3.25465 -0.0130297 0.994152 -0.106224 -0.0144014
1311878210.673789 -0.834807 -0.102306 -3.26149 -0.0126972 0.994152 -0.106708 -0.0106324
1311878210.711975 -0.838529 -0.100398 -3.26878 -0.0121991 0.994011 -0.108448 -0.00572786
1311878210.742085 -0.843034 -0.100173 -3.27708 -0.0112126 0.993868 -0.109998 -0.000918832
1311878210.773875 -0.843748 -0.0978823 -3.28349 -0.0105336 0.993729 -0.111277 0.00294908
1311878210.810359 -0.839564 -0.091737 -3.28752 -0.0104583 0.993585 -0.112479 0.00528517
1311878210.845242 -0.83767 -0.0918317 -3.2948 -0.010277 0.99358 -0.112392 0.00777868
1311878210.873711 -0.834673 -0.0930979 -3.30247 -0.010292 0.993571 -0.112322 0.009702
1311878210.912014 -0.837429 -0.0859308 -3.31022 -0.00961793 0.993229 -0.115059 0.0128099
1311878210.942510 -0.840558 -0.0827281 -3.31948 -0.00878612 0.992851 -0.117944 0.0160929
1311878210.973963 -0.838404 -0.0857592 -3.32889 -0.0093034 0.992737 -0.118494 0.0185748
1311878211.010316 -0.836357 -0.0871952 -3.33661 -0.00932756 0.992677 -0.118566 0.0211307
1311878211.044346 -0.835433 -0.0903451 -3.3459 -0.0086892 0.992663 -0.118173 0.0240613
1311878211.073872 -0.836177 -0.092962 -3.35429 -0.00728934 0.992595 -0.118081 0.0275681
1311878211.110659 -0.838336 -0.0886378 -3.36276 -0.00598492 0.992366 -0.119043 0.0316661
1311878211.142757 -0.837448 -0.0877881 -3.37198 -0.0048647 0.99217 -0.119697 0.0353123
1311878211.173849 -0.834048 -0.0855119 -3.37888 -0.0040907 0.991895 -0.121032 0.0384486
1311878211.211868 -0.833059 -0.088259 -3.38709 -0.0023994 0.991537 -0.122691 0.0423703
1311878211.242563 -0.83314 -0.0893872 -3.39615 -0.00108201 0.991316 -0.1231 0.0462361
1311878211.273802 -0.832246 -0.090719 -3.40574 -5.29844e-05 0.991157 -0.123251 0.0491709
1311878211.312296 -0.823359 -0.0944445 -3.4153 0.0019241 0.991028 -0.123858 0.0501944
1311878211.342385 -0.821362 -0.0936491 -3.42565 0.00333934 0.99079 -0.124851 0.05231
1311878211.373888 -0.816393 -0.0909402 -3.4345 0.00479899 0.990596 -0.125728 0.0537457
1311878211.410528 -0.808276 -0.0883923 -3.44294 0.00679308 0.990379 -0.127033 0.0544555
1311878211.442793 -0.80137 -0.088742 -3.45095 0.00825717 0.990226 -0.127678 0.0555262
1311878211.473798 -0.795437 -0.0905726 -3.45938 0.00972296 0.990025 -0.128693 0.0565156
1311878211.510484 -0.79119 -0.0918727 -3.46819 0.011364 0.989803 -0.129794 0.0575758
1311878211.541947 -0.788526 -0.0901887 -3.47605 0.0117628 0.989563 -0.130988 0.0588981
1311878211.573701 -0.785292 -0.0932744 -3.48349 0.0127674 0.989414 -0.131342 0.0603814
1311878211.610406 -0.783536 -0.0992818 -3.49188 0.0143215 0.989226 -0.131583 0.0625499
1311878211.641799 -0.780967 -0.100278 -3.49954 0.0146228 0.989051 -0.13173 0.0648941
1311878211.673851 -0.780063 -0.0998247 -3.50771 0.0150454 0.988928 -0.131246 0.0676031
1311878211.710950 -0.778141 -0.099901 -3.51542 0.0158131 0.988868 -0.130223 0.070233
1311878211.741811 -0.776308 -0.101216 -3.52293 0.0167282 0.988794 -0.128949 0.0733454
1311878211.773934 -0.77447 -0.101328 -3.52935 0.018297 0.98866 -0.127765 0.076758
1311878211.810307 -0.771188 -0.10156 -3.53559 0.0202972 0.988596 -0.125744 0.0803446
1311878211.841878 -0.768968 -0.0980511 -3.54183 0.0229026 0.988471 -0.123974 0.0838535
1311878211.873870 -0.769666 -0.0972414 -3.5482 0.0247002 0.988339 -0.12202 0.0876701
1311878211.910785 -0.767744 -0.0976031 -3.55456 0.0258497 0.988289 -0.119618 0.0911484
1311878211.942015 -0.765033 -0.0925303 -3.5597 0.0270114 0.988324 -0.11696 0.0938451
1311878211.973829 -0.763652 -0.0909984 -3.56511 0.0277575 0.988306 -0.114447 0.0968689
1311878212.010605 -0.761734 -0.0877142 -3.56977 0.0293485 0.988064 -0.11344 0.0999933
1311878212.041796 -0.761274 -0.0841088 -3.57431 0.0304782 0.987887 -0.111972 0.103019
1311878212.073994 -0.76055 -0.0842273 -3.5798 0.0320608 0.987677 -0.110231 0.106371
1311878212.113665 -0.760832 -0.0807605 -3.58399 0.0324017 0.987462 -0.108732 0.109753
1311878212.141856 -0.758795 -0.0799644 -3.58797 0.0330041 0.9874 -0.106007 0.112756
1311878212.173798 -0.757957 -0.0764587 -3.59222 0.0329114 0.987344 -0.102998 0.116021
1311878212.210466 -0.75741 -0.0753224 -3.59648 0.0329267 0.987238 -0.100562 0.11901
1311878212.241720 -0.758394 -0.0741768 -3.60105 0.0330048 0.986959 -0.0984503 0.123005
1311878212.273807 -0.758631 -0.0694282 -3.605 0.0335576 0.986583 -0.096711 0.127179
1311878212.312379 -0.760764 -0.0661399 -3.60895 0.0334902 0.986163 -0.0948142 0.1318
1311878212.341926 -0.762411 -0.0623524 -3.6132 0.0338149 0.985566 -0.093623 0.136935
1311878212.373799 -0.762936 -0.057693 -3.61665 0.0347465 0.984865 -0.092708 0.142261
1311878212.412007 -0.764017 -0.0545738 -3.62019 0.0346279 0.984203 -0.0905658 0.148131
1311878212.441886 -0.763409 -0.0496747 -3.62366 0.0344808 0.983608 -0.0872103 0.154015
1311878212.474419 -0.764782 -0.0461671 -3.62783 0.0339588 0.982895 -0.0845246 0.160061
1311878212.510702 -0.766452 -0.0344851 -3.63086 0.0365104 0.982149 -0.0817962 0.165407
1311878212.541733 -0.768959 -0.0316861 -3.63473 0.0365045 0.981388 -0.0793696 0.171013
1311878212.573940 -0.770816 -0.0320585 -3.63899 0.0372125 0.980514 -0.0780543 0.176393
1311878212.610848 -0.773087 -0.0289168 -3.64224 0.0373671 0.979681 -0.0768538 0.181442
1311878212.641790 -0.775872 -0.0221944 -3.64521 0.0390635 0.978909 -0.0750554 0.18595
1311878212.673658 -0.777457 -0.0213842 -3.64839 0.0389244 0.978186 -0.0726435 0.19068
1311878212.710652 -0.778574 -0.0256176 -3.65274 0.0380417 0.977424 -0.0707062 0.195437
1311878212.741742 -0.778929 -0.0243976 -3.65611 0.0392008 0.976545 -0.0699768 0.199814
1311878212.773905 -0.779471 -0.0189056 -3.65859 0.0400314 0.975675 -0.0695886 0.203993
1311878212.809772 -0.778681 -0.0174432 -3.66082 0.0391846 0.975041 -0.0681095 0.207654
1311878212.841879 -0.779872 -0.0161624 -3.66405 0.0384352 0.974487 -0.0661021 0.211019
1311878212.873844 -0.780985 -0.0165806 -3.66684 0.0374747 0.973942 -0.0647274 0.21411
1311878212.909886 -0.780276 -0.0143998 -3.66935 0.0370541 0.973318 -0.0633254 0.217412
1311878212.941693 -0.78223 -0.0122259 -3.67186 0.0365474 0.972721 -0.062048 0.220518
1311878212.973909 -0.782399 -0.0106227 -3.67421 0.0362526 0.972156 -0.0606533 0.223428
1311878213.010031 -0.782788 -0.010289 -3.67628 0.0349292 0.971579 -0.0589956 0.226569
1311878213.041743 -0.785109 -0.00733614 -3.67888 0.0346792 0.970954 -0.0570175 0.229772
1311878213.073870 -0.784534 -0.00645232 -3.68074 0.0338056 0.970328 -0.0553835 0.232925
1311878213.109979 -0.785354 -0.00506163 -3.68384 0.0335536 0.969601 -0.053872 0.236318
1311878213.141953 -0.786709 -0.00288534 -3.68515 0.0332112 0.96894 -0.052247 0.239422
1311878213.173831 -0.787375 -0.00172186 -3.68738 0.0336879 0.968254 -0.0498801 0.242615
1311878213.209638 -0.788758 -0.000357866 -3.68952 0.033794 0.967532 -0.0478604 0.245866
1311878213.241878 -0.78927 0.00331521 -3.692 0.0356953 0.966698 -0.045519 0.249298
1311878213.273741 -0.789295 0.00254726 -3.69472 0.0356469 0.965796 -0.042896 0.253232
1311878213.309913 -0.790196 0.0044179 -3.6978 0.0369077 0.964665 -0.0412091 0.257607
1311878213.341900 -0.789061 0.00756621 -3.70121 0.0381849 0.963517 -0.0392533 0.261986
1311878213.373870 -0.788805 0.00996685 -3.70418 0.0387202 0.962402 -0.037085 0.266287
1311878213.409914 -0.789664 0.0131357 -3.70781 0.0397862 0.961186 -0.0346413 0.27081
1311878213.441774 -0.788185 0.0168359 -3.71057 0.0405601 0.95997 -0.0321908 0.275275
1311878213.473805 -0.787965 0.020577 -3.71334 0.0410006 0.95885 -0.0296767 0.279366
1311878213.509932 -0.78777 0.0236874 -3.71629 0.0408806 0.957702 -0.0274064 0.283522
1311878213.541795 -0.788308 0.0259385 -3.71904 0.0400849 0.956573 -0.0251216 0.287628
1311878213.573876 -0.788509 0.0291126 -3.7209 0.0388257 0.955447 -0.0231841 0.291679
1311878213.609854 -0.786096 0.0305648 -3.72297 0.0372045 0.954247 -0.0213892 0.295924
1311878213.641839 -0.783459 0.0303645 -3.72552 0.0365154 0.952981 -0.0190543 0.300217
1311878213.673972 -0.785094 0.0350485 -3.72771 0.036044 0.95174 -0.0173111 0.304289
1311878213.709820 -0.782669 0.0365055 -3.72826 0.0348662 0.950738 -0.0146868 0.307679
1311878213.741797 -0.78196 0.035888 -3.73043 0.0341027 0.949484 -0.0116863 0.311739
1311878213.773740 -0.781634 0.0376124 -3.73213 0.0338399 0.948181 -0.00952795 0.31578
1311878213.809950 -0.779581 0.0395222 -3.73199 0.0333995 0.946955 -0.0072793 0.319543
1311878213.841818 -0.779398 0.0401664 -3.73368 0.0328269 0.945665 -0.00492888 0.323444
1311878213.873790 -0.779086 0.0411124 -3.73502 0.0325385 0.944401 -0.00277035 0.327171
1311878213.909867 -0.779269 0.0459528 -3.73502 0.0326438 0.943177 -0.00110171 0.330682
1311878213.941939 -0.779513 0.0480893 -3.73619 0.032279 0.941874 0.00155825 0.334408
1311878213.973732 -0.779489 0.0493269 -3.73676 0.031942 0.940789 0.00378896 0.337464
1311878214.009791 -0.779503 0.0507615 -3.73864 0.0316818 0.939578 0.00533536 0.340824
1311878214.041766 -0.779302 0.0537002 -3.73903 0.0316979 0.938475 0.00720958 0.343814
1311878214.073933 -0.781196 0.0553179 -3.73993 0.0315512 0.937318 0.00936554 0.346917
1311878214.109771 -0.780584 0.0558984 -3.73964 0.0317692 0.936306 0.0110958 0.349568
1311878214.141887 -0.780965 0.0577962 -3.74033 0.0320563 0.935147 0.0124701 0.352587
1311878214.173792 -0.78061 0.0617769 -3.74002 0.0320505 0.933958 0.0133187 0.355693
1311878214.209865 -0.780003 0.0649745 -3.74052 0.0320461 0.932696 0.0142947 0.358953
1311878214.241760 -0.780054 0.0674949 -3.74055 0.032333 0.931455 0.0156487 0.362079
1311878214.273716 -0.779414 0.0710142 -3.74026 0.0325385 0.930175 0.0173795 0.365258
1311878214.309826 -0.778749 0.073427 -3.73952 0.0328065 0.928894 0.0198539 0.368354
1311878214.341906 -0.778244 0.075068 -3.7389 0.0326688 0.927533 0.0219219 0.371665
1311878214.373786 -0.778964 0.0754869 -3.73937 0.032593 0.925962 0.0233058 0.375486
1311878214.409783 -0.778115 0.0775461 -3.73935 0.0325225 0.924529 0.0239881 0.378962
1311878214.441904 -0.776853 0.0788252 -3.73936 0.032374 0.923192 0.0245867 0.382184
1311878214.473809 -0.775311 0.080215 -3.73922 0.0319012 0.921972 0.0251082 0.385123
1311878214.509844 -0.777372 0.084516 -3.73925 0.0315868 0.92076 0.0256383 0.388003
1311878214.541647 -0.776576 0.0848918 -3.74033 0.0312454 0.919384 0.0272981 0.391168
1311878214.573861 -0.775594 0.0880928 -3.73976 0.0313699 0.917986 0.0282163 0.394361
1311878214.609970 -0.775009 0.0888379 -3.74116 0.0313682 0.916316 0.0295486 0.39813
1311878214.641804 -0.771827 0.0856361 -3.741 0.0313442 0.914936 0.0305327 0.401221
1311878214.673723 -0.771274 0.0862453 -3.74127 0.0330919 0.913243 0.0303069 0.404938
1311878214.709929 -0.772802 0.0914528 -3.74217 0.0353331 0.910913 0.0306123 0.409941
1311878214.741783 -0.773374 0.0973792 -3.74344 0.0363846 0.908529 0.0320157 0.415001
1311878214.773890 -0.771563 0.0985091 -3.74323 0.0360682 0.906695 0.0338744 0.418874
1311878214.809762 -0.769459 0.100836 -3.74374 0.0360544 0.904975 0.0355909 0.422437
1311878214.841878 -0.767514 0.10123 -3.74504 0.0350113 0.902991 0.0383643 0.426508
1311878214.873909 -0.766531 0.0993783 -3.74862 0.0339823 0.900705 0.0405113 0.4312
1311878214.909753 -0.763808 0.0997241 -3.7495 0.0334821 0.898669 0.0409072 0.43543
1311878214.941759 -0.759914 0.101671 -3.74974 0.0330716 0.896895 0.0407304 0.43912
1311878214.973947 -0.75691 0.10289 -3.74975 0.0324293 0.895426 0.0409126 0.442139
1311878215.009940 -0.755048 0.105674 -3.75109 0.0316738 0.893667 0.0411605 0.445715
1311878215.041764 -0.750276 0.104923 -3.75056 0.0305343 0.892295 0.0419587 0.448461
1311878215.073823 -0.745978 0.10375 -3.75073 0.0301306 0.890615 0.0421066 0.4518
1311878215.109746 -0.74212 0.106586 -3.75116 0.0307809 0.888619 0.042066 0.455675
1311878215.141906 -0.737072 0.105392 -3.75135 0.0306708 0.886904 0.0431055 0.458915
1311878215.173831 -0.7312 0.100872 -3.75328 0.0303959 0.885135 0.0436649 0.462282
1311878215.209799 -0.7275 0.102041 -3.75303 0.0307405 0.883629 0.0421888 0.465269
1311878215.241746 -0.721491 0.103991 -3.75178 0.0303564 0.882255 0.0413286 0.46797
1311878215.273867 -0.716009 0.103907 -3.75184 0.0295719 0.880615 0.0411973 0.471111
1311878215.309933 -0.710739 0.100252 -3.75239 0.0289891 0.878763 0.0411017 0.474601
1311878215.341648 -0.704188 0.100604 -3.75053 0.0294567 0.876972 0.0400852 0.47796
1311878215.373858 -0.697208 0.101558 -3.74817 0.0299992 0.875198 0.0390085 0.481255
1311878215.409813 -0.691234 0.101081 -3.7493 0.0301632 0.873127 0.0382102 0.485056
1311878215.441876 -0.683627 0.100189 -3.74804 0.0301609 0.87132 0.0372415 0.488369
1311878215.473758 -0.677828 0.103442 -3.74624 0.0305028 0.869627 0.0358799 0.491459
1311878215.509898 -0.670071 0.103108 -3.74607 0.0302135 0.867948 0.0356516 0.494451
1311878215.541671 -0.661999 0.101659 -3.74434 0.0300207 0.866369 0.0351337 0.497261
1311878215.573843 -0.652652 0.0999599 -3.74247 0.029952 0.864948 0.0345393 0.499774
1311878215.609626 -0.645754 0.101637 -3.74217 0.0301299 0.863343 0.0334972 0.502603
1311878215.641831 -0.637277 0.0993736 -3.74165 0.0296853 0.862014 0.0333809 0.504912
1311878215.673938 -0.628984 0.0999572 -3.73913 0.0301482 0.860876 0.0327119 0.506866
1311878215.709770 -0.620517 0.10195 -3.73682 0.0304924 0.859796 0.0324261 0.508694
1311878215.741795 -0.612301 0.100358 -3.73578 0.0300419 0.85859 0.0332409 0.510701
1311878215.773796 -0.603411 0.0986814 -3.73326 0.0299787 0.857626 0.0331965 0.512326
1311878215.809889 -0.596293 0.100496 -3.73068 0.0304193 0.856625 0.0324739 0.514017
1311878215.841771 -0.587778 0.101685 -3.72939 0.0300374 0.855506 0.0323866 0.515905
1311878215.873690 -0.579086 0.0998967 -3.7274 0.0291944 0.854747 0.0327844 0.517185
1311878215.909920 -0.570945 0.098006 -3.72593 0.0283732 0.854066 0.0327783 0.518356
1311878215.941890 -0.563165 0.0975499 -3.72648 0.0275831 0.853182 0.0324069 0.519875
1311878215.973767 -0.555786 0.0981479 -3.72586 0.0272076 0.85257 0.0321244 0.520915
1311878216.009878 -0.537591 0.095067 -3.71967 0.0264341 0.852847 0.0325915 0.520472
1311878216.041788 -0.530359 0.0970566 -3.71828 0.0266459 0.852715 0.0323783 0.520691
1311878216.073726 -0.521029 0.0953116 -3.71501 0.0262083 0.852832 0.0327737 0.520496
1311878216.109912 -0.512376 0.0953584 -3.71131 0.0263823 0.853005 0.0329196 0.520195
1311878216.141916 -0.50407 0.0958998 -3.70932 0.0265609 0.852595 0.0331185 0.520846
1311878216.173876 -0.495675 0.0943761 -3.70895 0.0267105 0.852007 0.0337434 0.521758
1311878216.209939 -0.487368 0.0957303 -3.70619 0.027067 0.851701 0.0337016 0.522243
1311878216.241760 -0.47786 0.0964088 -3.70172 0.0272877 0.851802 0.0341574 0.522036
1311878216.273831 -0.469152 0.0957699 -3.6997 0.0268597 0.851714 0.0349401 0.522151
1311878216.309943 -0.46112 0.0975616 -3.69782 0.0262447 0.851815 0.0348348 0.522024
1311878216.341703 -0.453471 0.101048 -3.69467 0.0254286 0.852476 0.0352215 0.520959
1311878216.373846 -0.446738 0.106256 -3.69355 0.0244964 0.852824 0.0362166 0.520365
1311878216.409755 -0.438587 0.107977 -3.69181 0.0229944 0.853026 0.0379384 0.51998
1311878216.441672 -0.43095 0.110195 -3.69131 0.0216664 0.852858 0.0394191 0.520202
1311878216.473831 -0.423153 0.112135 -3.68958 0.0199195 0.85273 0.0404785 0.5204
1311878216.509877 -0.415892 0.115661 -3.68947 0.0179071 0.852554 0.0413517 0.520692
1311878216.541707 -0.408261 0.116765 -3.6899 0.0148755 0.852484 0.0429411 0.520774
1311878216.573787 -0.399955 0.115675 -3.69119 0.0122016 0.8526 0.0441298 0.520555
1311878216.609827 -0.392722 0.12 -3.69159 0.0106583 0.852634 0.0444606 0.520505
1311878216.641753 -0.384634 0.122484 -3.69195 0.00877813 0.852557 0.0463791 0.520498
1311878216.673916 -0.375762 0.120195 -3.69321 0.00739376 0.852285 0.0488243 0.520742
1311878216.709851 -0.367538 0.120579 -3.69675 0.00731496 0.851722 0.0498048 0.521571
1311878216.741697 -0.359424 0.124985 -3.69645 0.00738783 0.851496 0.050247 0.521896
1311878216.773878 -0.350674 0.125428 -3.70013 0.00635439 0.850988 0.0514548 0.52262
1311878216.809634 -0.341934 0.126596 -3.7022 0.00604993 0.850411 0.0523802 0.523471
1311878216.841606 -0.334201 0.12854 -3.70587 0.00612148 0.849217 0.0535877 0.525282
1311878216.873651 -0.324922 0.127611 -3.71016 0.00684301 0.847881 0.0550535 0.527275
1311878216.909702 -0.316169 0.128474 -3.71409 0.00845982 0.846256 0.0553845 0.529822
1311878216.941778 -0.307574 0.130033 -3.7193 0.00998236 0.844277 0.0557863 0.532903
1311878216.973870 -0.298011 0.130414 -3.72329 0.0112646 0.842711 0.0565301 0.535271
1311878217.009695 -0.288808 0.13141 -3.72893 0.0128087 0.841468 0.0567229 0.537168
1311878217.041705 -0.280145 0.137806 -3.73185 0.0139336 0.841103 0.0565163 0.537734
1311878217.073682 -0.271595 0.140974 -3.73703 0.013181 0.840971 0.0580913 0.537791
1311878217.109753 -0.261776 0.140978 -3.7433 0.0118255 0.84102 0.0600095 0.537536
1311878217.141744 -0.251902 0.141552 -3.74948 0.0109808 0.841375 0.0618005 0.536795
1311878217.173640 -0.243055 0.143266 -3.75624 0.0100212 0.841731 0.063603 0.536043
1311878217.209717 -0.232414 0.141165 -3.76372 0.00877987 0.842006 0.0657861 0.53537
1311878217.241786 -0.221779 0.138554 -3.77151 0.00795979 0.842156 0.0660269 0.535117
1311878217.273557 -0.21183 0.138653 -3.77953 0.0076496 0.842528 0.064835 0.534682
1311878217.309731 -0.202363 0.141487 -3.78548 0.00698188 0.843128 0.063723 0.533878
1311878217.341554 -0.192728 0.142839 -3.79258 0.00575186 0.843714 0.0637562 0.532961
1311878217.373713 -0.183079 0.144864 -3.7986 0.00470467 0.844068 0.0640901 0.532371
1311878217.409642 -0.173848 0.146422 -3.8037 0.00360362 0.844236 0.0650356 0.532
1311878217.441787 -0.155203 0.144431 -3.8194 0.00243544 0.844316 0.0663199 0.53172
1311878217.473597 -0.147308 0.14839 -3.82439 0.00311617 0.845009 0.0663271 0.530614
1311878217.509569 -0.132662 0.150171 -3.83725 0.00196243 0.845879 0.0696072 0.52881
1311878217.541665 -0.125934 0.152767 -3.84364 0.00155893 0.846205 0.0703127 0.528196
1311878217.573789 -0.11904 0.156351 -3.84749 0.00114069 0.846558 0.0715162 0.52747
1311878217.609749 -0.112757 0.159712 -3.85216 0.000422748 0.846545 0.073755 0.527182
1311878217.641670 -0.105747 0.159417 -3.85858 -0.000342172 0.846511 0.0770449 0.526766
1311878217.673769 -0.0980223 0.159558 -3.86326 -0.000375471 0.8469 0.0794177 0.525787
1311878217.709813 -0.0918852 0.162771 -3.86737 -0.000286868 0.847505 0.0811482 0.524547
1311878217.741561 -0.0852431 0.164544 -3.87161 -0.00127134 0.848017 0.0834934 0.523349
1311878217.774015 -0.0774641 0.162272 -3.87696 -0.00261065 0.848188 0.0857111 0.522708
1311878217.809728 -0.0694235 0.16187 -3.88203 -0.00303089 0.848539 0.0859944 0.522089
1311878217.841864 -0.0624687 0.165409 -3.88427 -0.00276921 0.849092 0.0858156 0.521221
1311878217.873734 -0.0548276 0.166868 -3.8862 -0.00316425 0.849832 0.0872073 0.51978
1311878217.909873 -0.0466027 0.165129 -3.89045 -0.00354893 0.850497 0.0886467 0.518444
1311878217.941920 -0.0390828 0.167953 -3.89118 -0.00326712 0.851742 0.0887203 0.516385
1311878217.973803 -0.0317745 0.170626 -3.89196 -0.0044642 0.853034 0.0894558 0.514112
1311878218.009675 -0.0235049 0.169233 -3.89446 -0.00650815 0.854133 0.0909501 0.511999
1311878218.041647 -0.0139738 0.166011 -3.89646 -0.00788085 0.855486 0.0916813 0.509583
1311878218.073714 -0.00495452 0.164594 -3.89708 -0.00799632 0.857273 0.0910377 0.506687
1311878218.109647 0.00385877 0.165509 -3.89722 -0.00797257 0.859361 0.0900328 0.503319
1311878218.141742 0.0123928 0.165905 -3.89678 -0.00779475 0.861394 0.0898213 0.499872
1311878218.173737 0.0213848 0.167004 -3.89519 -0.00778904 0.86336 0.0899909 0.496439
1311878218.209713 0.0313727 0.167676 -3.89266 -0.0083856 0.865277 0.091227 0.492852
1311878218.241661 0.0417793 0.1636 -3.89263 -0.00901692 0.867085 0.093202 0.48928
1311878218.273543 0.0529518 0.162321 -3.89024 -0.00814176 0.869201 0.0935106 0.485468
1311878218.309700 0.063541 0.161683 -3.88779 -0.00734844 0.871155 0.0940262 0.481866
1311878218.341740 0.0742971 0.160927 -3.88463 -0.00712346 0.873048 0.0943338 0.47837
1311878218.377606 0.0858276 0.160662 -3.88062 -0.00725437 0.874976 0.0946644 0.474767
1311878218.409796 0.0959848 0.160744 -3.87785 -0.00788619 0.876639 0.0955266 0.471505
1311878218.441569 0.108486 0.157299 -3.87396 -0.00858362 0.878515 0.0973664 0.467608
1311878218.477792 0.120591 0.154753 -3.87034 -0.00785257 0.880388 0.0979844 0.463956
1311878218.509755 0.13151 0.156604 -3.86511 -0.00593149 0.882524 0.098175 0.459866
1311878218.541871 0.141898 0.156801 -3.86095 -0.00478211 0.884382 0.100336 0.455828
1311878218.577854 0.154227 0.15479 -3.85566 -0.00407711 0.886542 0.102635 0.451102
1311878218.609840 0.165154 0.153787 -3.85127 -0.00330531 0.888785 0.104111 0.446332
1311878218.641686 0.175884 0.152471 -3.84831 -0.00266615 0.890954 0.105454 0.441671
1311878218.677705 0.186979 0.151528 -3.84388 -0.00205429 0.893296 0.10639 0.436691
1311878218.709726 0.196687 0.151715 -3.83999 -0.00175516 0.895515 0.106713 0.432045
1311878218.741617 0.206165 0.152694 -3.83526 -0.00177953 0.897649 0.106986 0.427524
1311878218.777806 0.215186 0.15254 -3.83154 -0.00231945 0.899699 0.107997 0.422934
1311878218.809542 0.224555 0.151196 -3.82795 -0.00268247 0.901826 0.108987 0.41812
1311878218.841618 0.232725 0.152745 -3.82359 -0.00232377 0.903962 0.109259 0.413412
1311878218.877712 0.240283 0.155206 -3.81904 -0.00254695 0.905723 0.110631 0.409169
1311878218.909733 0.247205 0.155363 -3.81551 -0.00406177 0.907277 0.11317 0.404999
1311878218.941829 0.255775 0.154029 -3.81203 -0.00586035 0.908914 0.115191 0.400715
1311878218.977634 0.262985 0.153204 -3.80921 -0.00768831 0.910397 0.116435 0.39694
1311878219.009803 0.269938 0.15354 -3.80591 -0.00925012 0.911828 0.117177 0.393388
1311878219.041770 0.277214 0.150773 -3.80379 -0.0109242 0.912868 0.118245 0.390603
1311878219.077736 0.283635 0.148612 -3.80279 -0.011514 0.913629 0.117357 0.389073
1311878219.109673 0.28869 0.15181 -3.79944 -0.0109633 0.914365 0.115739 0.387842
1311878219.141625 0.301066 0.150432 -3.7933 -0.0140429 0.915587 0.11827 0.384077
1311878219.177662 0.30782 0.148806 -3.7909 -0.0149064 0.916431 0.118401 0.381985
1311878219.209613 0.313117 0.14858 -3.78868 -0.0152599 0.917158 0.118045 0.380333
1311878219.241670 0.319278 0.146572 -3.78702 -0.0154995 0.917824 0.118022 0.378721
1311878219.277665 0.325532 0.144833 -3.78537 -0.0149711 0.918767 0.117056 0.376752
1311878219.309753 0.331135 0.146048 -3.78293 -0.0132909 0.92009 0.115996 0.373901
1311878219.341619 0.337548 0.14506 -3.78115 -0.0122922 0.921434 0.116146 0.370564
1311878219.377636 0.342959 0.145132 -3.77922 -0.0111371 0.922987 0.115744 0.366843
1311878219.409694 0.347782 0.14805 -3.77598 -0.0099724 0.924654 0.115736 0.362659
1311878219.441814 0.35327 0.150477 -3.77274 -0.0103758 0.926242 0.11752 0.357989
1311878219.477714 0.359241 0.149746 -3.77157 -0.0116466 0.92781 0.120851 0.352743
1311878219.509664 0.366708 0.148448 -3.76986 -0.0126346 0.929605 0.123823 0.346903
1311878219.541544 0.373199 0.149252 -3.76734 -0.0123643 0.931268 0.125989 0.341634
1311878219.577667 0.379417 0.150373 -3.76597 -0.0116644 0.932692 0.128654 0.336745
1311878219.609576 0.387097 0.150067 -3.76321 -0.0106475 0.934255 0.131851 0.331163
1311878219.641570 0.395152 0.149406 -3.76197 -0.00925896 0.935922 0.134647 0.325322
1311878219.677610 0.402813 0.150588 -3.75991 -0.00737861 0.937563 0.137236 0.319513
1311878219.709647 0.409751 0.151058 -3.75848 -0.0064353 0.939045 0.140553 0.313685
1311878219.741752 0.417913 0.148835 -3.75793 -0.0062195 0.940588 0.143711 0.307575
1311878219.777655 0.426445 0.147372 -3.75748 -0.00518292 0.942216 0.145464 0.301731
1311878219.809654 0.433138 0.14833 -3.75663 -0.00391615 0.943583 0.146838 0.296774
1311878219.841554 0.440048 0.146775 -3.75725 -0.0029795 0.944631 0.14876 0.292462
1311878219.877536 0.446702 0.145308 -3.75805 -0.000980839 0.945517 0.149712 0.289106
1311878219.909754 0.452688 0.147915 -3.75785 0.00195785 0.946183 0.149798 0.28687
1311878219.941731 0.458029 0.14853 -3.75842 0.00447013 0.946338 0.151866 0.285238
1311878219.977632 0.465343 0.146994 -3.75899 0.00653103 0.946277 0.153486 0.284533
1311878220.009742 0.471344 0.147059 -3.75951 0.00790772 0.946233 0.153907 0.284418
1311878220.041768 0.476441 0.146061 -3.76085 0.00779693 0.946081 0.154167 0.284786
1311878220.077569 0.481888 0.145795 -3.76159 0.00723227 0.945962 0.152962 0.285842
1311878220.109725 0.486865 0.146121 -3.76194 0.00564225 0.945836 0.152025 0.286793
1311878220.141624 0.491709 0.142549 -3.76478 0.00315489 0.945568 0.151533 0.287974
1311878220.177582 0.495678 0.139978 -3.76749 0.00173834 0.945415 0.148751 0.289931
1311878220.209786 0.499269 0.139062 -3.76867 0.000609984 0.945272 0.14443 0.292577
1311878220.241654 0.502486 0.138546 -3.77019 -0.001118 0.944956 0.14008 0.295694
1311878220.277644 0.505706 0.137239 -3.77158 -0.00336329 0.944565 0.135871 0.298874
1311878220.309627 0.508359 0.137033 -3.7729 -0.00502268 0.944509 0.131752 0.300864
1311878220.341639 0.510651 0.13775 -3.77352 -0.00534769 0.944434 0.128609 0.302448
1311878220.377686 0.512836 0.138627 -3.77399 -0.00522469 0.944115 0.127237 0.304023
1311878220.409587 0.51602 0.13616 -3.77562 -0.00575572 0.943742 0.126928 0.305299
1311878220.441607 0.518909 0.134205 -3.77677 -0.00513689 0.943459 0.125214 0.306888
1311878220.477595 0.521623 0.132741 -3.77741 -0.0042098 0.943378 0.123197 0.307964
1311878220.509598 0.52495 0.129295 -3.77871 -0.00423712 0.943408 0.121049 0.308723
1311878220.541681 0.527712 0.126782 -3.77925 -0.0031809 0.943745 0.116993 0.309269
1311878220.577783 0.530848 0.12611 -3.77938 -0.00138743 0.944181 0.112672 0.309556
1311878220.609645 0.534328 0.124509 -3.77907 -0.000108432 0.944376 0.109827 0.309988
1311878220.641733 0.536735 0.122066 -3.77964 0.00105174 0.94418 0.107112 0.311529
1311878220.677712 0.539831 0.118823 -3.77989 0.00209109 0.943962 0.10347 0.313409
1311878220.709579 0.542258 0.116995 -3.77892 0.00338177 0.943864 0.0993803 0.315012
1311878221.512952 0.544472 0.114114 -3.77861 0.00389094 0.943721 0.0950387 0.31677
1311878223.392060 0.547194 0.110914 -3.77799 0.00436038 0.943509 0.0885525 0.319264
1311878223.424199 0.547752 0.109793 -3.77807 0.00461622 0.943139 0.081283 0.322275
1311878223.493819 0.549671 0.108585 -3.77728 0.00434531 0.942857 0.0757723 0.324438
1311878223.559318 0.551678 0.107656 -3.77675 0.00442669 0.942268 0.0721553 0.326963
1311878223.625033 0.554168 0.106758 -3.77538 0.00449978 0.941426 0.0699535 0.329853
1311878223.692863 0.556828 0.10596 -3.77433 0.00500755 0.940361 0.0678214 0.33331
1311878223.757889 0.559497 0.104711 -3.77344 0.00585486 0.939126 0.0662355 0.337077
1311878223.792827 0.561917 0.103805 -3.77168 0.00642705 0.937838 0.0645619 0.340955
1311878223.855983 0.564119 0.102978 -3.77058 0.00714811 0.936609 0.0626216 0.34466
1311878223.924035 0.566387 0.103022 -3.76879 0.00784643 0.935269 0.0609106 0.348568
1311878223.993374 0.569345 0.102295 -3.76728 0.00752927 0.934042 0.0601088 0.351987
1311878224.059577 0.571352 0.101439 -3.7658 0.00667328 0.932758 0.05936 0.35552
1311878224.124647 0.573946 0.100803 -3.76412 0.00619235 0.931557 0.0582233 0.358851
1311878224.194253 0.576035 0.101109 -3.76184 0.00581986 0.930171 0.0569756 0.362631
1311878224.224123 0.578718 0.101204 -3.75961 0.00519274 0.928634 0.0564985 0.366634
1311878224.294858 0.581463 0.101471 -3.75708 0.00449565 0.926837 0.0567091 0.371129
1311878224.357535 0.584924 0.100815 -3.7549 0.00363333 0.925077 0.0572084 0.37543
1311878224.427693 0.587617 0.101253 -3.75193 0.00309762 0.923304 0.0583091 0.379604
1311878224.493993 0.590416 0.10131 -3.74906 0.00214431 0.921448 0.0601649 0.38381
1311878224.560247 0.593264 0.100515 -3.74691 0.00134133 0.919523 0.0621086 0.388095
1311878224.626395 0.595807 0.100743 -3.74403 0.00097809 0.917596 0.0639931 0.392328
1311878224.663653 0.598081 0.1006 -3.74138 0.000227814 0.915724 0.0660381 0.396345
1311878224.724109 0.600203 0.10069 -3.73817 -0.000400516 0.913828 0.0678704 0.40039
1311878224.794833 0.601159 0.101228 -3.73547 -0.00127773 0.911808 0.0698559 0.40463
1311878224.825310 0.601994 0.101355 -3.73348 -0.00243844 0.909885 0.0719007 0.408574
1311878224.892771 0.602036 0.102984 -3.73059 -0.00265293 0.907982 0.0739325 0.412426
1311878224.963696 0.603224 0.103845 -3.72684 -0.00335287 0.906133 0.0767749 0.415953
1311878225.027107 0.603182 0.105345 -3.72398 -0.0042519 0.904239 0.0793866 0.41956
1311878225.093162 0.603285 0.106193 -3.7211 -0.00573443 0.902551 0.0822415 0.422618
1311878225.125090 0.602934 0.106149 -3.71926 -0.00739618 0.900707 0.0850481 0.425957
1311878225.194239 0.60245 0.107187 -3.71674 -0.00899299 0.899042 0.0872661 0.428984
1311878225.260363 0.601134 0.108764 -3.71485 -0.0105333 0.897525 0.0898365 0.431586
1311878225.324166 0.599861 0.108259 -3.71335 -0.0126325 0.895931 0.0924759 0.434276
1311878225.391979 0.599208 0.108211 -3.70964 -0.0139192 0.894787 0.0941188 0.436239
1311878225.462708 0.595089 0.107584 -3.70631 -0.0166732 0.891952 0.0960834 0.441488
1311878225.492263 0.594458 0.107946 -3.70267 -0.0172666 0.890899 0.0964789 0.443501
1311878225.563471 0.59199 0.108525 -3.7004 -0.018234 0.889169 0.0972012 0.446763
1311878225.627714 0.589983 0.107614 -3.69788 -0.0195204 0.887266 0.0980009 0.450305
1311878225.693341 0.5887 0.107205 -3.69453 -0.0199638 0.885416 0.0980692 0.453897
1311878225.763411 0.585867 0.108286 -3.69175 -0.0204841 0.883238 0.0981318 0.458084
1311878225.829594 0.582965 0.109005 -3.68925 -0.0218851 0.881107 0.0986486 0.461995
1311878225.892926 0.580099 0.108833 -3.68734 -0.0240033 0.879216 0.0991761 0.465367
1311878225.961346 0.576623 0.109058 -3.68618 -0.0262266 0.877512 0.0993285 0.468423
1311878226.031668 0.573131 0.111219 -3.6835 -0.0279724 0.876083 0.0996462 0.470921
1311878226.095460 0.569089 0.113964 -3.67945 -0.0304484 0.874558 0.100803 0.47335
1311878226.162311 0.565407 0.115064 -3.67723 -0.0336436 0.872594 0.10307 0.476261
1311878226.229986 0.561936 0.114913 -3.67516 -0.0363031 0.870413 0.104808 0.479665
1311878226.293097 0.558129 0.116305 -3.67201 -0.0378631 0.868178 0.105866 0.483348
1311878226.363187 0.553979 0.116749 -3.67171 -0.0397594 0.865479 0.107529 0.48765
1311878226.431530 0.550588 0.115796 -3.66996 -0.0415003 0.862831 0.109032 0.491846
1311878226.461262 0.547473 0.115278 -3.66704 -0.0423523 0.860276 0.109767 0.496067
1311878226.493509 0.543665 0.114995 -3.66563 -0.0425195 0.857309 0.109712 0.501175
1311878226.529308 0.540365 0.114281 -3.6644 -0.0423481 0.854126 0.109337 0.506676
1311878226.560167 0.537005 0.114325 -3.66086 -0.0416013 0.850785 0.108505 0.512505
1311878226.631392 0.533282 0.114947 -3.66074 -0.0413286 0.846724 0.107207 0.519478
1311878226.695398 0.528351 0.115495 -3.66215 -0.0419755 0.842431 0.105849 0.526634
1311878226.736227 0.52457 0.116601 -3.66108 -0.0431584 0.838625 0.104618 0.532822
1311878226.796103 0.52105 0.118182 -3.6583 -0.044307 0.835092 0.103569 0.538453
1311878226.834283 0.517277 0.122137 -3.65415 -0.0454739 0.831651 0.102759 0.54381
1311878226.895633 0.513955 0.124466 -3.64882 -0.0477906 0.828406 0.103844 0.54834
1311878226.928537 0.511081 0.123878 -3.64581 -0.0503679 0.825221 0.10544 0.55259
1311878226.999422 0.507393 0.125603 -3.64159 -0.0509625 0.822325 0.105992 0.556732
1311878227.060348 0.503346 0.126903 -3.63636 -0.0513939 0.819371 0.106992 0.560842
1311878227.127996 0.499351 0.126118 -3.63236 -0.0521231 0.816347 0.10768 0.565036
1311878227.199384 0.495091 0.126515 -3.62774 -0.0521058 0.813767 0.107275 0.568824
1311878227.263717 0.490697 0.126675 -3.62211 -0.0519695 0.811687 0.106962 0.571859
1311878227.328340 0.486153 0.125473 -3.61731 -0.0519667 0.809691 0.106889 0.574695
1311878227.399522 0.480345 0.124296 -3.61104 -0.0513271 0.807804 0.10622 0.577525
1311878227.461467 0.474537 0.125072 -3.60411 -0.0500002 0.806086 0.105091 0.580243
1311878227.531489 0.468129 0.125589 -3.59663 -0.0496309 0.803865 0.104844 0.583392
1311878227.599285 0.461525 0.12341 -3.59125 -0.0500495 0.801646 0.105088 0.586357
1311878227.662227 0.454472 0.121374 -3.58482 -0.0493963 0.799903 0.104006 0.58898
1311878227.730507 0.447276 0.118589 -3.57834 -0.0487126 0.798315 0.102576 0.591437
1311878227.798032 0.439152 0.116729 -3.57067 -0.0474293 0.796959 0.10033 0.593752
1311878227.864265 0.430536 0.11814 -3.56261 -0.0459079 0.795657 0.0980276 0.595998
1311878227.928613 0.421334 0.119174 -3.5534 -0.045777 0.794129 0.0978604 0.598069
1311878227.960198 0.412759 0.11448 -3.54664 -0.0464693 0.792614 0.09932 0.599782
1311878228.029932 0.403902 0.110067 -3.54017 -0.0449203 0.791614 0.0985872 0.60134
1311878228.099740 0.39441 0.108574 -3.53312 -0.042225 0.791033 0.0963174 0.602666
1311878228.127753 0.384803 0.107233 -3.52595 -0.0403649 0.790643 0.094064 0.603661
1311878228.200113 0.37517 0.104712 -3.51876 -0.0390932 0.790107 0.0921121 0.604746
1311878228.267246 0.365098 0.104813 -3.51123 -0.0382398 0.78941 0.0896292 0.606083
1311878228.297141 0.355466 0.102387 -3.50517 -0.0389577 0.788156 0.0880857 0.607893
1311878228.336535 0.3461 0.0986772 -3.49754 -0.0387834 0.786989 0.0853776 0.609799
1311878228.364122 0.336375 0.0985541 -3.49087 -0.0374363 0.78568 0.0816713 0.612074
1311878228.430182 0.326808 0.098105 -3.48313 -0.0373296 0.784315 0.0796278 0.614097
1311878228.464393 0.316859 0.0970538 -3.47596 -0.0377935 0.78253 0.0785037 0.616486
1311878228.496242 0.308159 0.0936177 -3.47019 -0.0385841 0.780459 0.0775786 0.619174
1311878228.564940 0.299088 0.0916209 -3.46436 -0.0387607 0.778434 0.0763339 0.621861
1311878228.596493 0.289622 0.0913284 -3.45757 -0.0390055 0.776436 0.0754095 0.624451
1311878228.668063 0.280563 0.0907326 -3.45162 -0.039108 0.77409 0.0749274 0.627409
1311878228.696907 0.271821 0.0902472 -3.44577 -0.0390153 0.77126 0.0749357 0.630889
1311878228.767760 0.263775 0.0882685 -3.44039 -0.0391157 0.767818 0.0756582 0.634981
1311878228.832317 0.256029 0.0860209 -3.4349 -0.038719 0.7639 0.075941 0.63968
1311878228.899398 0.248331 0.0832314 -3.42983 -0.0378679 0.759528 0.0758343 0.644928
1311878228.929914 0.240827 0.0815918 -3.42493 -0.0362959 0.754847 0.0756479 0.650512
1311878228.999466 0.233304 0.0798805 -3.42037 -0.0344698 0.749906 0.0751753 0.656354
1311878229.030439 0.22595 0.0781188 -3.41608 -0.0325908 0.744986 0.0745175 0.662104
1311878229.067974 0.218538 0.0767756 -3.41203 -0.0312011 0.74047 0.0736427 0.667314
1311878229.132036 0.211199 0.0761337 -3.40769 -0.0300666 0.736202 0.0729491 0.672147
1311878229.199405 0.204154 0.0742981 -3.40452 -0.0298098 0.731872 0.0723914 0.67693
1311878229.267800 0.196882 0.071933 -3.40121 -0.0291133 0.727308 0.0716454 0.68194
1311878229.331925 0.189171 0.0713055 -3.39882 -0.0274149 0.722323 0.0706595 0.68739
1311878229.399462 0.181681 0.0724058 -3.39685 -0.0256001 0.71717 0.0704187 0.692859
1311878229.467846 0.174699 0.0719306 -3.39667 -0.0254314 0.712397 0.0710826 0.697704
1311878229.535611 0.167678 0.0708566 -3.3961 -0.0254196 0.707927 0.0708784 0.70226
1311878229.600209 0.159969 0.0710557 -3.39478 -0.0253507 0.703753 0.070347 0.706498
1311878229.667158 0.152543 0.070791 -3.39459 -0.0258463 0.699853 0.0698475 0.710393
1311878229.735522 0.145139 0.0691812 -3.39268 -0.0261316 0.695941 0.0690372 0.714295
1311878229.799977 0.137223 0.0691566 -3.39244 -0.0261133 0.69178 0.0676706 0.718457
1311878229.835782 0.129301 0.0700581 -3.39353 -0.0259405 0.687643 0.066317 0.722548
1311878229.899491 0.12128 0.0706377 -3.39498 -0.0262249 0.683515 0.0657867 0.726493
1311878229.967220 0.113287 0.0705721 -3.39491 -0.026818 0.679765 0.0654939 0.730008
1311878230.034951 0.105279 0.0698369 -3.3949 -0.0268368 0.676587 0.0650827 0.73299
1311878230.065088 0.0971043 0.0708585 -3.39597 -0.0263126 0.673466 0.0643437 0.735942
1311878230.095934 0.0893943 0.0701935 -3.39565 -0.0264041 0.670462 0.0642131 0.738688
1311878230.167096 0.0818534 0.0691497 -3.39518 -0.0263755 0.667541 0.0635882 0.741384
1311878230.195941 0.0736558 0.0697258 -3.395 -0.0258932 0.664695 0.0623569 0.744057
1311878230.268059 0.0661605 0.0704861 -3.39623 -0.0254607 0.661685 0.0612182 0.746844
1311878230.335575 0.0588359 0.0709007 -3.39613 -0.0249693 0.65884 0.060632 0.74942
1311878230.399102 0.0513555 0.0731437 -3.39664 -0.0247126 0.655942 0.0603637 0.751988
1311878230.467851 0.0444236 0.0732198 -3.39593 -0.0250761 0.653508 0.0606295 0.75407
1311878230.534940 0.0380568 0.072365 -3.39534 -0.0248494 0.651199 0.0605289 0.756081
1311878230.599385 0.0317174 0.0730386 -3.39525 -0.0238932 0.648941 0.0599576 0.758096
1311878230.668362 0.0261869 0.0724537 -3.39471 -0.0229503 0.646871 0.0596746 0.759914
1311878230.736315 0.021117 0.0707309 -3.3933 -0.0215063 0.6452 0.0590366 0.761426
1311878230.804029 0.0162276 0.0704157 -3.39268 -0.0191441 0.643578 0.058035 0.762937
1311878230.867802 0.0116946 0.0713074 -3.39306 -0.0168368 0.642074 0.0566644 0.76436
1311878230.936222 0.00684693 0.0720427 -3.39241 -0.0153725 0.640996 0.0558932 0.765352
1311878231.003559 0.00289674 0.0711455 -3.39231 -0.0149959 0.639602 0.0555624 0.766549
1311878231.067601 -0.000612412 0.0706773 -3.39226 -0.0142246 0.637902 0.0548523 0.76803
1311878231.135301 -0.00380719 0.0679953 -3.3903 -0.0133817 0.636553 0.0536533 0.769248
1311878231.203619 -0.00681519 0.0673203 -3.38931 -0.0117448 0.635116 0.0519443 0.770579
1311878231.268956 -0.00934556 0.0664744 -3.38848 -0.0106496 0.633831 0.0502158 0.771766
1311878231.301358 -0.01186 0.0653093 -3.38761 -0.00971327 0.633129 0.0487277 0.77245
1311878231.333656 -0.0139171 0.0646706 -3.3874 -0.00863579 0.632704 0.047552 0.772884
1311878231.403660 -0.0161493 0.0631464 -3.3861 -0.00755449 0.632742 0.0464393 0.772932
1311878231.468097 -0.0178257 0.0607424 -3.38468 -0.00613211 0.632685 0.0451449 0.773068
1311878231.535076 -0.019112 0.0594943 -3.3844 -0.00387194 0.632854 0.0434297 0.773043
1311878231.564976 -0.020446 0.0590451 -3.38423 -0.00212062 0.633054 0.0420406 0.772962
1311878231.604811 -0.0213749 0.0590847 -3.38417 -0.0008559 0.633079 0.0410389 0.772998
1311878231.633131 -0.022199 0.0591555 -3.38425 0.000248588 0.633111 0.0400434 0.773024
1311878231.703818 -0.0221777 0.0584726 -3.38513 0.000843725 0.633184 0.0393864 0.772998
1311878231.766573 -0.0222558 0.0575116 -3.3855 0.00116757 0.633688 0.0387242 0.772618
1311878231.835722 -0.0225485 0.0557425 -3.38526 0.00177664 0.634508 0.0378655 0.771987
1311878231.903373 -0.0222659 0.0541811 -3.3856 0.00279836 0.635364 0.0368428 0.771328
1311878231.935561 -0.0220025 0.0534782 -3.38638 0.00404491 0.635917 0.0354328 0.770933
1311878231.971381 -0.0216153 0.0519068 -3.38696 0.00499585 0.636388 0.0341685 0.770596
1311878232.001226 -0.0211468 0.0509841 -3.38766 0.00633317 0.636815 0.0329414 0.770287
1311878232.071506 -0.0211585 0.050514 -3.38793 0.00757141 0.637334 0.0317077 0.769897
1311878232.134842 -0.020768 0.0495634 -3.38791 0.00857826 0.63802 0.0307748 0.769356
1311878232.203216 -0.0205098 0.0489128 -3.38817 0.00970985 0.638835 0.0296355 0.768712
1311878232.270848 -0.0199104 0.0480404 -3.3889 0.0110479 0.639541 0.0285779 0.768146
1311878232.371398 -0.0191312 0.0467575 -3.38965 0.0119014 0.639959 0.0278062 0.767814
1311878232.435778 -0.0184843 0.0458961 -3.39007 0.0126429 0.640143 0.0271605 0.767671
1311878232.503394 -0.0180813 0.0450568 -3.38969 0.0137036 0.640549 0.0259168 0.767358
1311878232.533206 -0.0169474 0.044312 -3.39086 0.014518 0.64079 0.0252272 0.767164
1311878232.570842 -0.0161964 0.0431814 -3.39111 0.0150301 0.641153 0.0249857 0.766859
1311878232.600364 -0.0157194 0.0431812 -3.39114 0.0161957 0.641498 0.0245335 0.766561
1311878232.634525 -0.0147294 0.042058 -3.39206 0.0171426 0.641846 0.0244259 0.766252
1311878232.671048 -0.0143569 0.0425949 -3.39268 0.0181403 0.642192 0.0241781 0.765948
1311878232.735422 -0.0138884 0.0419545 -3.39278 0.0191527 0.642686 0.0245955 0.765496
1311878232.771236 -0.0130204 0.0421124 -3.39351 0.0203094 0.642925 0.0249414 0.765254
1311878232.835900 -0.0125525 0.0417423 -3.39344 0.0209474 0.643418 0.0254356 0.764806
1311878232.903458 -0.0116035 0.04143 -3.39402 0.0216514 0.643696 0.0259325 0.764535
1311878233.003176 -0.0108034 0.0412474 -3.3946 0.0226322 0.644123 0.0263535 0.764132
1311878233.071652 -0.00999064 0.0418355 -3.39502 0.0237166 0.644641 0.0266806 0.763651
1311878233.135737 -0.00900549 0.041244 -3.39539 0.0246112 0.645204 0.0269643 0.763138
1311878233.204003 -0.00821388 0.0410328 -3.39557 0.0254844 0.645986 0.0268094 0.762452
1311878233.238561 -0.00744855 0.0411503 -3.39611 0.0261656 0.646743 0.0265084 0.761798